6.500000010000002160e-01 1.000000260000001306e-01 2.155118092546379426e-13 1.356183645203713407e-11 1.481491579332470986e-11 1.578557273161320935e-11 1.645725615675012165e-11 1.676495462956476250e-11 1.671377021805031032e-11 1.633907788269470252e-11 1.574388369717997476e-11 1.514303128366024969e-11 1.448513853751985574e-11 1.365237196928974711e-11 1.267740294055874160e-11 1.177835154717782159e-11 1.107966015066684626e-11 1.070781628999205707e-11 1.073687118763971471e-11 1.122113304231697927e-11 1.224524714665653366e-11
7.500000070000001351e-01 9.999998599999970761e-02 4.352987752938520481e-13 6.227497467199913340e-10 6.762766658464109046e-10 7.179488878535104664e-10 7.470625845273208117e-10 7.603468647138799416e-10 7.578363506955877739e-10 7.411109887652370005e-10 7.147457227003937669e-10 6.879469872968110014e-10 6.583732937897606981e-10 6.218331941672000158e-10 5.800050836098956533e-10 5.422565063448143058e-10 5.133811482370858923e-10 4.984987061573974264e-10 5.006813635129611305e-10 5.222234779028137083e-10 5.665531470022359840e-10
8.500000045000000171e-01 1.000000089999999453e-01 5.664623450356000605e-13 1.503846573116003259e-08 1.624702826644775499e-08 1.719214143244772267e-08 1.785753432882634994e-08 1.816027960771346081e-08 1.809886827579005286e-08 1.771074102023748561e-08 1.710152769649093428e-08 1.647908920126146384e-08 1.578774450946166749e-08 1.494911666731622742e-08 1.400358674987350984e-08 1.316292331558314192e-08 1.252585163707790093e-08 1.220421851632131222e-08 1.226685122869266419e-08 1.276501132498686722e-08 1.377299412436696580e-08
9.500000044999999949e-01 9.999999100000001029e-02 6.048656935338738867e-13 2.211897756821733251e-07 2.387662071603240853e-07 2.529346196824707004e-07 2.633499895816840464e-07 2.684046215477836469e-07 2.678172656968193869e-07 2.621044879926048985e-07 2.528768109162360097e-07 2.431292270189836849e-07 2.320474380979833028e-07 2.189568211680898824e-07 2.048474895882558933e-07 1.927851329653079341e-07 1.838732015435494425e-07 1.795150191081288305e-07 1.806819689604194966e-07 1.881547769042362199e-07 2.029141105245078033e-07
1.049999999449999999e+00 9.999999889999999780e-02 5.870947286854918867e-13 1.769406240017700162e-06 1.891338174234387133e-06 1.986718495151695380e-06 2.054285634637442002e-06 2.084873322122863122e-06 2.078616531338584722e-06 2.039455370783359164e-06 1.977671900910302772e-06 1.914124054428750110e-06 1.842723969832203277e-06 1.757899886831655430e-06 1.662618817331895823e-06 1.578615770747450081e-06 1.515006077887345596e-06 1.483286306757135365e-06 1.490467777078871117e-06 1.541242944077505938e-06 1.642893507667103276e-06
1.150000001850000064e+00 1.000000058999999109e-01 5.516188505353799982e-13 1.187774275712153123e-05 1.276232385531971386e-05 1.350098142606780261e-05 1.407024486662182753e-05 1.436668592246672150e-05 1.436328094083893286e-05 1.408420519237680172e-05 1.361076372863148754e-05 1.308905180531343115e-05 1.247665584877336336e-05 1.177104046526903564e-05 1.103906496093939072e-05 1.043463878612756559e-05 9.995897975745446850e-06 9.784492660225247378e-06 9.849686020230768633e-06 1.023125917196097074e-05 1.097217998982821854e-05
1.250000001749999923e+00 9.999999390000002819e-02 5.155032636623057289e-13 3.461782260647195070e-05 3.655700794768571818e-05 3.808236554020646064e-05 3.918396664839920464e-05 3.970620093087069908e-05 3.966438495794306408e-05 3.911710957398702816e-05 3.819868593065816860e-05 3.723419355597181748e-05 3.612299727923643015e-05 3.481712494488081239e-05 3.330728042990866946e-05 3.194962516766104249e-05 3.088517142977862989e-05 3.032061377885894612e-05 3.037759342048452886e-05 3.111753943237103909e-05 3.266550748718557540e-05
1.350000003549999938e+00 1.000000097000000032e-01 4.468734994634523998e-13 2.147325513078664682e-04 2.315296684708985202e-04 2.472951538062230438e-04 2.615531584580868562e-04 2.713334305729063348e-04 2.749878934627969940e-04 2.722510554143142973e-04 2.641190622049970093e-04 2.528071905694716280e-04 2.376468243184390230e-04 2.199913304550094950e-04 2.026958986163217042e-04 1.892723144849790600e-04 1.800891343513942166e-04 1.757855537395882251e-04 1.770559384306339464e-04 1.844131039993740246e-04 1.982041060361647137e-04
1.450000000449999993e+00 9.999998410000010551e-02 3.843628115686187105e-13 7.180143135318418739e-04 7.690303575414109485e-04 8.157694885235054370e-04 8.569016759343854768e-04 8.838726084620810233e-04 8.924813473114767606e-04 8.823721262266289497e-04 8.567848228989900262e-04 8.227973943835994574e-04 7.782009038982475339e-04 7.268321680869307229e-04 6.762762436752932284e-04 6.369383197221754715e-04 6.099699679584616755e-04 5.976761233336311784e-04 6.022221796480122001e-04 6.250803718498522052e-04 6.674854152539651080e-04
1.549999996249999956e+00 1.000000075000000432e-01 3.628555734487167187e-13 1.015862567918087529e-03 1.063124203008632401e-03 1.100694764642205824e-03 1.128593171338380767e-03 1.142047911144811060e-03 1.141348289045054313e-03 1.128120615527001581e-03 1.105719719407703347e-03 1.082178277215910646e-03 1.054132153774528860e-03 1.021808338538638880e-03 9.847767528580761518e-04 9.520544352289332180e-04 9.261816277191011870e-04 9.121911179312690472e-04 9.133122935611118339e-04 9.311693004519892717e-04 9.689391178862540770e-04
1.650000005949999959e+00 1.000000118999999632e-01 3.491824979799630083e-13 2.890725670934353453e-03 3.055351397625209655e-03 3.194309185880805316e-03 3.303729830171723506e-03 3.361873334474024030e-03 3.364328560395313250e-03 3.316056060372620917e-03 3.230940464129845088e-03 3.135328775225178916e-03 3.018900474348987749e-03 2.887331940030006018e-03 2.750361093564832743e-03 2.637399795044327155e-03 2.553530592755545205e-03 2.511471176605297156e-03 2.521551221830590703e-03 2.590617180006574670e-03 2.726419483751129323e-03
1.749999998750000119e+00 9.999997370000013319e-02 2.869704739599374185e-13 8.074802109540295952e-03 8.540345231299562370e-03 8.938342733477322444e-03 9.258016834192063504e-03 9.434590507530348988e-03 9.451405259812214674e-03 9.320284443069752622e-03 9.079376111278803993e-03 8.801503773575216488e-03 8.457888438758888808e-03 8.069179837549933162e-03 7.669755116906251495e-03 7.345017383717291140e-03 7.107915189744152054e-03 6.991685456110149736e-03 7.024198663376383933e-03 7.223866187242247543e-03 7.610371586444198214e-03
1.849999991850000081e+00 1.000000124999997908e-01 2.219710997559836794e-13 2.427076369480342041e-02 2.571751232746523341e-02 2.704278258700196919e-02 2.823426405202296430e-02 2.905844972837253598e-02 2.939703295549006903e-02 2.922060894533442740e-02 2.858766830219478319e-02 2.767719519580835730e-02 2.640588019643286266e-02 2.490675910330850118e-02 2.338394844133555306e-02 2.216865838145515299e-02 2.131767409557948009e-02 2.091473914346797525e-02 2.101988677313706977e-02 2.165764589355846301e-02 2.285373552945263106e-02
1.949999999050000099e+00 1.000000019000000240e-01 1.878759087262599914e-13 4.411497034401208606e-02 4.651400314526952379e-02 4.864439747587903651e-02 5.049175838375406788e-02 5.169135646328706230e-02 5.209325507752046031e-02 5.168237339550481313e-02 5.057757062446832652e-02 4.910472508593233948e-02 4.711432264472847214e-02 4.479759014053256300e-02 4.241924390561797181e-02 4.050870964202426400e-02 3.915451556244905346e-02 3.851475005428143389e-02 3.869997235305852601e-02 3.975714272836730623e-02 4.175137363295445408e-02
2.049999991600000016e+00 9.999998320000003105e-02 1.704896926716234454e-13 4.247963117312440751e-02 4.405317873719877264e-02 4.531138600124597071e-02 4.627549701970616602e-02 4.676546743376740894e-02 4.680001840990265227e-02 4.643020360670655627e-02 4.574370986201563294e-02 4.500702832634598249e-02 4.408258575630139009e-02 4.302819849560210463e-02 4.178209867910925163e-02 4.066758675481289137e-02 3.975533096800410587e-02 3.923318165963640691e-02 3.921933875863606311e-02 3.975855363784919910e-02 4.096947889821648398e-02
2.150000002600000126e+00 1.000000388000001905e-01 1.582916525364899436e-13 8.598099912944767720e-02 8.968004340573264288e-02 9.271235979940933847e-02 9.506123017213741200e-02 9.625742069143211621e-02 9.627944323362874757e-02 9.525512415875422856e-02 9.345214349253549990e-02 9.148298787005651467e-02 8.905421280323411182e-02 8.633256495109675743e-02 8.334794452150018351e-02 8.080936475752137360e-02 7.883709044424423718e-02 7.779179707837259594e-02 7.793004507035172779e-02 7.937929169998372836e-02 8.235975699270939310e-02
2.250000007549999737e+00 9.999997109999947398e-02 1.463278584715465038e-13 2.176160321263125308e-01 2.306535291518578834e-01 2.424638157513630543e-01 2.526304838753570814e-01 2.589224585559072866e-01 2.604613947468742419e-01 2.573649409957029510e-01 2.505580183119660576e-01 2.418035400747783892e-01 2.303258352537249920e-01 2.174458734792945602e-01 2.049317394771750789e-01 1.953009093126634177e-01 1.887101784913763625e-01 1.858350463791830776e-01 1.873255633055961600e-01 1.935533939199980680e-01 2.047092679812748117e-01
2.349999986949999897e+00 9.999998770000040338e-02 1.221728999664105110e-13 3.554059033816941993e-01 3.765793759602938384e-01 3.963900690555705042e-01 4.142943092890039036e-01 4.264356121350518225e-01 4.309643136392402596e-01 4.276108703157553981e-01 4.174037588014338218e-01 4.028447934424482235e-01 3.827234658580230264e-01 3.597721717697056620e-01 3.374852950713665978e-01 3.203967505955535033e-01 3.088707000911655731e-01 3.039121117107199677e-01 3.063957491459778359e-01 3.166460509481351382e-01 3.346973654981325597e-01
2.449999990400000272e+00 1.000000191999999011e-01 9.523077846134986441e-14 5.832472237197399156e-01 6.125508597822849621e-01 6.385181874533136792e-01 6.607950871784847857e-01 6.746378982474345865e-01 6.783602569410163152e-01 6.720849224742304617e-01 6.575257529324652905e-01 6.387858031021940164e-01 6.138963437487742203e-01 5.857740124466290776e-01 5.575450557258258000e-01 5.353922257816496888e-01 5.199307430148345510e-01 5.130087740281432662e-01 5.160329410483618373e-01 5.295954450355201404e-01 5.544074519168077364e-01
2.550000015600000225e+00 1.000000312000004499e-01 7.696486986909129835e-14 1.032625889780519834e+00 1.089949085464664513e+00 1.143025690969102115e+00 1.191168888618045818e+00 1.224715100191870132e+00 1.239022125348351766e+00 1.233100224754042573e+00 1.209154557193045099e+00 1.173623414196068415e+00 1.122406296134988324e+00 1.061987040274622762e+00 1.000693829560303838e+00 9.516345340709519984e-01 9.168696308154230534e-01 8.999962480646075402e-01 9.037854638524781548e-01 9.292711330066399933e-01 9.769293983211226884e-01
2.650000016949999981e+00 9.999997149999950707e-02 7.191438556541753605e-14 1.404068512787507217e+00 1.481830367416766769e+00 1.553549498628063574e+00 1.618209255399441826e+00 1.662795122739917586e+00 1.681233268642480461e+00 1.672489897220138522e+00 1.639828703145004951e+00 1.592046539587251619e+00 1.523385206626558963e+00 1.442406258095639160e+00 1.360139715568755792e+00 1.294141872863310727e+00 1.247157449786001182e+00 1.224157342787777214e+00 1.229105820844953234e+00 1.263615139512227703e+00 1.328380396791859486e+00
2.749999990150000073e+00 9.999997490000023248e-02 6.266512532771590528e-14 1.989263952858640216e+00 2.093965651132033479e+00 2.189620149329345011e+00 2.275293785346306219e+00 2.333683762265547745e+00 2.357084383198190469e+00 2.344294977545270608e+00 2.299757113601368363e+00 2.235759227545469408e+00 2.144342661603851230e+00 2.036929239269437364e+00 1.927348049897353865e+00 1.839419884260362403e+00 1.776780884810283512e+00 1.746323235405838892e+00 1.753342367714112671e+00 1.799890648008704908e+00 1.887270179185106533e+00
2.849999972850000063e+00 9.999999050000019096e-02 5.474353573805181617e-14 2.689620198519553362e+00 2.821828087095425541e+00 2.943461704286692626e+00 3.054492467217074569e+00 3.132672105525945216e+00 3.167671279766895776e+00 3.156554829875025003e+00 3.103100710373717597e+00 3.022141409652856048e+00 2.903399963961920349e+00 2.763241178141356613e+00 2.619574566806717630e+00 2.504370670056360826e+00 2.422668456355094868e+00 2.383422697213773755e+00 2.392653267271936723e+00 2.451683970156931736e+00 2.561779964579706803e+00
2.949999999050000543e+00 1.000000619000003255e-01 4.882222156918780427e-14 3.359209134089550020e+00 3.496588770734204488e+00 3.617037925928777931e+00 3.722590644136363647e+00 3.791363860204520986e+00 3.815891437059546920e+00 3.794861975103446028e+00 3.733060348886260371e+00 3.649270127490147342e+00 3.532247383703932098e+00 3.398050526700880258e+00 3.258808354747747771e+00 3.147877518997481694e+00 3.069486065861916302e+00 3.033918089292506615e+00 3.047110600350182441e+00 3.109720798576968814e+00 3.225526350904127870e+00
3.049999991750000916e+00 9.999992349999997643e-02 4.426298603049980901e-14 4.041066027928467363e+00 4.186920448751214607e+00 4.308924855678951893e+00 4.410136644579991660e+00 4.468975501740247047e+00 4.481723243045678373e+00 4.449926599689531415e+00 4.380440777752943049e+00 4.296228763263815864e+00 4.184004798394096447e+00 4.058359878776085061e+00 3.924371247354001113e+00 3.815972838476029416e+00 3.736866421797253590e+00 3.699972049084069514e+00 3.712824023119934314e+00 3.776892267785096458e+00 3.899031177627164446e+00
3.149999976750000208e+00 1.000000464999994954e-01 4.092367406224517573e-14 5.221734209057836473e+00 5.455117807847058131e+00 5.675511440492611470e+00 5.884354650368416095e+00 6.038339881115764030e+00 6.116028411628258610e+00 6.108479454396366748e+00 6.017664837446996984e+00 5.867432274566268369e+00 5.639873650133767846e+00 5.373400251355676893e+00 5.103793229769483908e+00 4.891593439288909551e+00 4.744277323331112406e+00 4.676747549936587589e+00 4.697578802240951923e+00 4.805319836153707058e+00 4.999869623597705370e+00
3.250000016500000477e+00 1.000000330000001547e-01 3.830963853034493111e-14 6.719221829049259576e+00 7.040018772177811357e+00 7.348088516803596981e+00 7.644179155360487421e+00 7.867116979084797457e+00 7.983813645640019274e+00 7.979691443748254898e+00 7.856142312578850095e+00 7.642806485308160980e+00 7.316011306567592243e+00 6.931827515920723215e+00 6.547965989008544874e+00 6.248631941430450532e+00 6.044468669103036262e+00 5.953902525214569863e+00 5.987354752299888005e+00 6.141685258854224116e+00 6.413017892677738807e+00
3.349999999500000492e+00 9.999993299999987428e-02 3.610829415718221538e-14 7.932662829480659816e+00 8.374026976624552532e+00 8.835296798305570576e+00 9.317289339116140212e+00 9.725438447525588614e+00 9.991689449416524482e+00 1.007459822931565796e+01 9.955625034769990833e+00 9.653090224508980910e+00 9.136902724826756028e+00 8.507303110571369231e+00 7.881534102152878418e+00 7.391525670058207709e+00 7.059949325295585609e+00 6.907972200585227540e+00 6.944594664911604376e+00 7.156859778593203103e+00 7.523135671830325499e+00
3.449999956750000596e+00 9.999998150000077857e-02 3.398270158181024673e-14 9.464157548357855276e+00 9.917504854275248860e+00 1.035353404367214836e+01 1.077139556288575051e+01 1.108303826133067460e+01 1.124182374929488049e+01 1.122899814315256606e+01 1.104879782844274239e+01 1.074381862768697715e+01 1.028032520884397094e+01 9.738715817302066924e+00 9.201352905743725330e+00 8.784792373618881101e+00 8.501626684491407460e+00 8.376960118627451379e+00 8.426227293399573881e+00 8.646175288576717577e+00 9.031136134947931993e+00
3.549999959350000900e+00 1.000000236999993852e-01 3.180128861117769434e-14 1.045617735147571992e+01 1.086803719871677565e+01 1.123739597216361830e+01 1.156797324768772306e+01 1.178709709604382994e+01 1.186931179238225198e+01 1.181018295968972431e+01 1.162276091767445330e+01 1.136025426102573732e+01 1.098724973569391672e+01 1.056493560323902159e+01 1.013667892270764703e+01 9.802403465271465777e+00 9.569628353461542503e+00 9.467403546342529452e+00 9.513540793055293321e+00 9.708393770569951897e+00 1.005906306444197185e+01
3.649999987450000205e+00 1.000000324999996693e-01 2.975395273337816680e-14 1.137182376688286922e+01 1.175441619771673807e+01 1.207723714552130723e+01 1.234717770860675756e+01 1.250241813836315607e+01 1.253351326317075554e+01 1.244666306669300226e+01 1.226081559513107422e+01 1.203645971348811905e+01 1.173530645015168794e+01 1.140424964766038762e+01 1.105565661598453531e+01 1.077740088837450472e+01 1.057378327939395923e+01 1.047864219307530576e+01 1.051340356319194136e+01 1.068234728621818164e+01 1.100316917292944474e+01
3.750000036050000762e+00 1.000000647000014453e-01 2.777810419460189732e-14 1.179629607105459499e+01 1.213723523547083261e+01 1.241920425102937209e+01 1.265390793740359321e+01 1.278638563931088612e+01 1.281326669605591562e+01 1.274084843796416244e+01 1.258306667343176599e+01 1.239692385658305618e+01 1.214344449284518568e+01 1.186698506746939152e+01 1.156415165196471051e+01 1.131718486995520756e+01 1.112922063334451472e+01 1.103553830844177241e+01 1.105697694872523229e+01 1.119615183546673443e+01 1.147424806803360120e+01
3.850000006900001104e+00 9.999987699999923763e-02 2.578577538292435464e-14 1.258630669964469817e+01 1.289959596124382735e+01 1.315249054641832416e+01 1.336115738025444521e+01 1.347480328112260572e+01 1.349573994593734305e+01 1.343127238652871824e+01 1.329212441914856235e+01 1.313456834908697424e+01 1.291758048734525310e+01 1.268449941632223243e+01 1.241696748667900074e+01 1.219392274186620462e+01 1.201664278802369701e+01 1.192252927375231053e+01 1.193276396043989607e+01 1.204906047097125565e+01 1.229688073664128112e+01
3.949999972700000583e+00 1.000000545999992774e-01 2.368421401483588775e-14 1.373269253187875982e+01 1.403661189354952832e+01 1.427899719866001327e+01 1.448040275153961254e+01 1.459024000333817916e+01 1.461399314541702488e+01 1.455866104774790237e+01 1.443155665470866822e+01 1.428957488957551192e+01 1.408830600057814841e+01 1.387407305532892998e+01 1.361791063622670706e+01 1.340050526092161576e+01 1.322178315949356531e+01 1.312203303998548165e+01 1.312315008843060049e+01 1.322563864908462961e+01 1.345870134657729267e+01
4.049999991800000032e+00 9.999998360000006414e-02 2.144286242101449433e-14 1.438174027925981413e+01 1.464231121573260097e+01 1.484827437789919635e+01 1.502531861323919316e+01 1.512593291830952325e+01 1.515853786946530590e+01 1.512785831484550947e+01 1.503391441236187909e+01 1.492818283629433473e+01 1.476448019718542248e+01 1.459286308679473265e+01 1.437260237622425585e+01 1.418079580240039839e+01 1.401442121312319955e+01 1.391410198574265955e+01 1.390059558608108148e+01 1.397185083611348411e+01 1.415941895424657915e+01
4.149999975000000063e+00 9.999998279999999795e-02 1.950843224154903424e-14 1.552641898519932795e+01 1.577762108314839651e+01 1.597671143654983972e+01 1.615392560523817167e+01 1.625962762519513305e+01 1.630273074565143077e+01 1.628591264435569030e+01 1.620480278173512545e+01 1.611096180419704282e+01 1.595473297059492168e+01 1.579171658429516256e+01 1.557488832798199496e+01 1.538464968412663403e+01 1.521568492092913871e+01 1.511003615531912914e+01 1.508832273784851630e+01 1.514676457632242368e+01 1.532009032243251490e+01
4.249999978900000031e+00 1.000000249999999369e-01 1.775238483540966244e-14 1.833717421950914783e+01 1.865648343693339939e+01 1.894911392622272572e+01 1.925852805358691100e+01 1.951139208984243467e+01 1.969021053676278044e+01 1.976880272259024807e+01 1.971471994304452124e+01 1.957543280210269998e+01 1.929859296809819114e+01 1.897302387304522497e+01 1.858259660162294935e+01 1.825316036684186471e+01 1.798843622162040035e+01 1.783335744120609689e+01 1.780201628725617624e+01 1.787522363871069686e+01 1.808509703114586031e+01
4.349999969300000657e+00 9.999995580000042850e-02 1.541975008599334207e-14 2.393477759425489992e+01 2.437446208454211316e+01 2.476473519307698368e+01 2.515953408235462518e+01 2.546489272092230749e+01 2.566335246212932475e+01 2.572846938691952801e+01 2.562796643210793235e+01 2.543162733721247548e+01 2.507021735134769003e+01 2.465263686504876972e+01 2.415209301304595257e+01 2.372996863033314341e+01 2.339083068856322001e+01 2.319495634043075682e+01 2.316346417780513534e+01 2.327572961924220962e+01 2.357587339554497419e+01
4.449999996100000743e+00 1.000000977999997431e-01 1.350371264694477622e-14 3.003336075964394070e+01 3.056273354687073862e+01 3.099003271713774765e+01 3.137544065944659266e+01 3.161947897959469955e+01 3.173194130921576672e+01 3.171032300029009576e+01 3.154113168358756525e+01 3.132602656763006621e+01 3.097309892705330725e+01 3.059224529129747339e+01 3.010575848665700960e+01 2.968403697675217146e+01 2.932495409127925967e+01 2.911104878039096633e+01 2.907918115018634353e+01 2.921709505084541192e+01 2.958940826928596124e+01
4.550000068500001049e+00 1.000000470000017572e-01 1.234361767321162434e-14 3.351884047310274184e+01 3.405668297356739771e+01 3.447419728910553260e+01 3.484167735963313106e+01 3.505740444200397121e+01 3.514235514960845563e+01 3.510028210649306857e+01 3.491888272634674451e+01 3.471292580351712331e+01 3.437922867785569281e+01 3.403155053474696246e+01 3.356657554974889024e+01 3.316103889657701842e+01 3.280645905747478963e+01 3.259260007739629117e+01 3.255925543868384864e+01 3.269306978063799818e+01 3.307079247066162964e+01
4.650000017800001828e+00 9.999985159999891238e-02 1.152862089146680777e-14 4.038355608776568317e+01 4.108360035137979338e+01 4.163315213033869355e+01 4.211507831154924020e+01 4.240237098406157656e+01 4.251548961221510581e+01 4.245684727462015928e+01 4.221372439488720829e+01 4.192709442320504820e+01 4.147216348063324887e+01 4.098962909212109196e+01 4.036793653968818063e+01 3.983122206233282725e+01 3.937534084606319595e+01 3.911039009428445468e+01 3.908438363253623749e+01 3.928066551614768542e+01 3.978721049592483894e+01
4.750000010200000844e+00 1.000001332000008958e-01 1.077822583787979903e-14 4.704256019426793500e+01 4.788339945562648836e+01 4.854115846057542427e+01 4.910975837314907722e+01 4.943945871620173449e+01 4.955473984162044587e+01 4.946214566671299195e+01 4.915317263870661435e+01 4.879657859487119964e+01 4.824638277134759790e+01 4.766628487394804381e+01 4.692929394295920531e+01 4.629755856900650457e+01 4.576611642556085258e+01 4.546331435749129213e+01 4.544612328549055036e+01 4.569694492974428357e+01 4.631701762835822933e+01
4.850000070250001016e+00 9.999998689999944901e-02 1.001344267108977030e-14 5.439017248267568760e+01 5.537481476779676370e+01 5.614778119118919619e+01 5.681752508599936391e+01 5.721102688076957321e+01 5.735566064305226774e+01 5.725703784840130339e+01 5.690325008265962481e+01 5.648694434608028558e+01 5.583908147262314969e+01 5.515094311767731483e+01 5.427813112600117051e+01 5.352760399670059854e+01 5.289764780479343642e+01 5.253908075565689728e+01 5.251820776915509725e+01 5.281374265680294400e+01 5.354001452387284132e+01
4.950000031850001037e+00 9.999993629999881506e-02 9.277640695760904161e-15 6.268335102552200055e+01 6.384259047240879426e+01 6.475284822932974294e+01 6.553809182443654890e+01 6.599547307927348072e+01 6.615380137780024938e+01 6.601979597425200552e+01 6.558388380950790975e+01 6.507145783165317710e+01 6.428840923263759066e+01 6.345949794630268315e+01 6.242781158249401585e+01 6.155154479036585968e+01 6.082825206544518437e+01 6.042914949854202433e+01 6.042819073306618094e+01 6.079975532178570319e+01 6.167184259923077150e+01
5.050000017849999523e+00 1.000000356999999340e-01 8.583842163904391983e-15 7.262673098705312213e+01 7.404857569268128259e+01 7.516810287712326044e+01 7.612453711752398533e+01 7.667295702320211603e+01 7.684010356035517475e+01 7.663686174771035553e+01 7.606482151832200600e+01 7.539543424841986052e+01 7.440097006974882277e+01 7.334598064957505414e+01 7.207341703961199642e+01 7.101102527031017075e+01 7.015738416245712017e+01 6.970834393269912255e+01 6.974911081780071243e+01 7.025184370068325279e+01 7.135836045827498708e+01
5.150000049049999973e+00 1.000000267000009657e-01 8.015946545373260832e-15 8.282451651394599423e+01 8.453768332353727999e+01 8.589702886931364390e+01 8.705931882424590640e+01 8.772976420594540059e+01 8.792343361819030179e+01 8.764871889335833544e+01 8.691676754747513201e+01 8.604817382271573933e+01 8.478330960615798517e+01 8.343654391503011425e+01 8.186877062384058945e+01 8.058980913697077142e+01 7.959932142494804452e+01 7.911270913541454775e+01 7.922041611387152216e+01 7.988746417498494168e+01 8.126570758541289763e+01
5.249999964950001541e+00 9.999980510000217038e-02 7.544065081657799508e-15 9.291414506146334418e+01 9.497380011695544511e+01 9.661395723695740401e+01 9.800101559615465874e+01 9.878465340606098266e+01 9.896989775432375325e+01 9.857321087009877658e+01 9.763184926937910291e+01 9.652571213841758890e+01 9.495824499719661560e+01 9.328765169049400185e+01 9.140093483343281378e+01 8.988988665344908213e+01 8.875373978217814397e+01 8.822907567282270236e+01 8.841798199166005645e+01 8.928708407195775010e+01 9.099791246044118509e+01
5.349999863550003454e+00 9.999999210000076744e-02 7.080673639950620536e-15 9.944151675457240458e+01 1.016489606746903718e+02 1.034074747959958671e+02 1.048890694523869911e+02 1.057153696731495245e+02 1.058947002889634490e+02 1.054528543043913089e+02 1.044382281288393415e+02 1.032613881015321340e+02 1.016020060399474403e+02 9.983872255568255127e+01 9.784485070602654844e+01 9.624499395229535992e+01 9.503244584121350158e+01 9.446144640247857183e+01 9.464828951892452835e+01 9.556554241591067012e+01 9.739075830501664655e+01
5.449999957300001974e+00 1.000001953999962723e-01 6.574255019120580791e-15 1.102321061441940770e+02 1.129827285436284257e+02 1.152146662037988989e+02 1.170968834933742357e+02 1.181608583925711145e+02 1.183806993880715623e+02 1.177901421958541590e+02 1.164791717647207321e+02 1.149296303380683497e+02 1.127703985326196943e+02 1.104414211849531284e+02 1.079002782711819037e+02 1.058916381203574986e+02 1.044162735429500373e+02 1.037545748431787302e+02 1.040466044344121315e+02 1.052758942737746111e+02 1.076178937257925838e+02
5.550000005100000244e+00 9.999990020000026902e-02 6.165054779824260121e-15 1.177996478461831202e+02 1.208835369540426257e+02 1.234123629607633745e+02 1.255517708613211738e+02 1.267756920639984770e+02 1.270410287350961056e+02 1.263886453415654074e+02 1.249302890184066541e+02 1.231877315342425021e+02 1.207514759162113336e+02 1.181000096606376388e+02 1.152292147759967946e+02 1.129560102266812436e+02 1.112865536056516191e+02 1.105267311464556315e+02 1.108410566368975623e+02 1.122246778534650389e+02 1.148565821303686505e+02
5.649999920600000891e+00 9.999993080000191270e-02 5.876676593661604876e-15 1.235482987952322844e+02 1.269001508868927317e+02 1.296500679234146389e+02 1.319545053282733704e+02 1.332438181320370063e+02 1.334712400717394019e+02 1.326996434304174670e+02 1.310763684969601286e+02 1.291678757191320130e+02 1.265347645737082445e+02 1.236726188227685128e+02 1.205978260169237615e+02 1.181693875502001134e+02 1.163885131330885940e+02 1.155787463925968837e+02 1.159280598738681931e+02 1.174485955621354378e+02 1.203276239464804860e+02
5.749999995200002267e+00 1.000002183999999517e-01 5.536953112197826834e-15 1.300326765365613255e+02 1.337179262212216315e+02 1.367806463226755511e+02 1.393670985151118487e+02 1.408478544974104807e+02 1.411546654533817389e+02 1.403561101130248687e+02 1.386186341708723546e+02 1.365387504809889379e+02 1.336352175780565972e+02 1.304409004281243654e+02 1.270193113693832601e+02 1.242988154589518928e+02 1.222900806591290035e+02 1.213457422414484483e+02 1.216852860153689733e+02 1.233378861256882146e+02 1.264911622223481658e+02
5.849999972550003591e+00 9.999973630000269509e-02 5.255081747961382133e-15 1.360737962778718213e+02 1.400315011314633864e+02 1.433322001930990268e+02 1.461143456589323080e+02 1.476978674696582914e+02 1.480026173518878636e+02 1.471122603405296445e+02 1.452226631253470828e+02 1.429717207208071272e+02 1.398473648935779750e+02 1.364083406441018553e+02 1.327493172295994555e+02 1.298481920914115335e+02 1.277103814812181497e+02 1.267045847366105562e+02 1.270725381573024606e+02 1.288583376242682164e+02 1.322565710690290928e+02
5.949999860350003722e+00 1.000000392999975674e-01 5.002453643267276487e-15 1.440093836641316329e+02 1.479697577656614271e+02 1.512435998432902124e+02 1.540049510872916869e+02 1.555695766362998143e+02 1.558695650900133955e+02 1.549793172978278903e+02 1.530746356145664038e+02 1.508097699781718575e+02 1.476605136422575981e+02 1.442207071642154119e+02 1.405465594949002934e+02 1.376501419294761206e+02 1.355296300247671013e+02 1.345615943442268758e+02 1.349733781618866146e+02 1.367837396044796208e+02 1.401988395807753420e+02
6.049999869850003265e+00 9.999997970000062963e-02 4.697290070660030689e-15 1.536435360067410159e+02 1.576662332311701107e+02 1.609528919530930011e+02 1.637077102770221018e+02 1.652360835218728141e+02 1.654910324107280815e+02 1.645536838689099000e+02 1.625982293600895332e+02 1.603132991059191284e+02 1.571491405764043350e+02 1.537230170285554038e+02 1.500364650479094450e+02 1.471347548633366387e+02 1.450055426133485525e+02 1.440430078119174198e+02 1.444751238855610325e+02 1.463109046541795237e+02 1.497817014122922785e+02
6.149999979450002208e+00 1.000002394999981448e-01 4.474700045142020906e-15 1.616807267226021168e+02 1.657221767172996465e+02 1.689715708577884357e+02 1.716653742490486536e+02 1.731102735287981886e+02 1.732846416672464045e+02 1.722805141737762540e+02 1.702740554702350835e+02 1.679861374637219456e+02 1.648463248051701271e+02 1.614785228268357855e+02 1.578305122831439178e+02 1.549706870788381821e+02 1.528755834230912853e+02 1.519505508850116939e+02 1.524202289209977152e+02 1.542830192549924391e+02 1.577931052561315823e+02
6.250000024400000243e+00 9.999985039999881309e-02 4.280363509562265184e-15 1.687291630977611021e+02 1.724477310772072087e+02 1.754234208464047242e+02 1.779492548334601167e+02 1.793609039133968679e+02 1.796543897763406505e+02 1.788769366432712218e+02 1.771203408669965143e+02 1.750679778917187832e+02 1.721559879758513034e+02 1.690620371393618200e+02 1.656335727490479997e+02 1.629360527399045679e+02 1.609351615673895992e+02 1.600385236398057032e+02 1.604369096716264380e+02 1.620802924588348901e+02 1.652419598525398214e+02
6.349999974800000224e+00 1.000000504000002621e-01 4.028317107822997597e-15 1.782678088112272405e+02 1.822813573690808653e+02 1.854818697186414624e+02 1.881639704222852743e+02 1.896098388645258694e+02 1.898165957916031630e+02 1.888580986501605992e+02 1.868686748919704428e+02 1.845989296272022386e+02 1.814527517866376343e+02 1.781401917523748182e+02 1.745140812002887003e+02 1.716924361649188313e+02 1.696212689935389903e+02 1.687219068333096175e+02 1.692016214173831656e+02 1.710212706376896676e+02 1.744720291872619953e+02
6.450000081250002459e+00 1.000001625000042083e-01 3.660786955160471493e-15 1.888000522040310329e+02 1.942321015529534236e+02 1.988216982866293563e+02 2.027710224203614189e+02 2.051024491142765669e+02 2.056612870757100211e+02 2.045304346324946039e+02 2.019473772547709132e+02 1.987586415866084053e+02 1.942487364597448050e+02 1.892694708494546205e+02 1.840463191273890970e+02 1.799650235933561646e+02 1.770165706587389138e+02 1.756831004367977869e+02 1.762757515497751513e+02 1.788241295027318642e+02 1.835558341069365156e+02
6.550000114250002170e+00 9.999990349999610117e-02 3.347381918701667106e-15 2.043926319126812814e+02 2.100839536015768374e+02 2.148681447334869290e+02 2.189795252750460577e+02 2.214027311814939765e+02 2.220021585313580772e+02 2.208697537025686017e+02 2.182428973145863722e+02 2.150171997628155509e+02 2.104137610533343832e+02 2.053182088839251094e+02 1.998903453053811461e+02 1.955962147962924860e+02 1.924342819967380080e+02 1.909425931410585520e+02 1.914653140831619282e+02 1.940401928474822455e+02 1.989354338006228886e+02
6.650000063150001139e+00 9.999999430000006129e-02 3.103759814899495378e-15 2.186123504140475404e+02 2.245312742957573562e+02 2.295348131108199539e+02 2.338978112302745274e+02 2.365552906683016090e+02 2.373575822184095898e+02 2.363647851268877957e+02 2.337715862780107727e+02 2.304835331223373203e+02 2.256650593043101196e+02 2.202853972682923995e+02 2.145024655976108932e+02 2.098921161952354737e+02 2.064716892189845794e+02 2.048246006762735192e+02 2.053063812015858787e+02 2.079338618561592966e+02 2.129828990934110493e+02
6.750000111750003029e+00 1.000001029000037178e-01 2.865681166525173658e-15 2.369785133528781103e+02 2.429817453599699490e+02 2.479106389132046786e+02 2.520789474908590364e+02 2.544049067771488239e+02 2.548118076206092439e+02 2.534287061278067767e+02 2.505167349121702784e+02 2.471106897664494113e+02 2.423508708839929113e+02 2.372156246301371425e+02 2.317015191813202080e+02 2.273818878177178533e+02 2.241987370491143281e+02 2.227398377024678382e+02 2.233592889235515884e+02 2.260766859139687028e+02 2.312478395801920215e+02
6.849999991900004304e+00 9.999965740000060777e-02 2.764431591629071475e-15 2.441560399793073941e+02 2.502333143969943876e+02 2.552650832504146194e+02 2.596077677972240281e+02 2.621451952446424229e+02 2.627610168549786636e+02 2.615289701652318968e+02 2.586522861674281444e+02 2.551533300922380931e+02 2.501599083115596045e+02 2.447369173344761180e+02 2.389313673970472394e+02 2.344068203448954364e+02 2.311166223824768906e+02 2.296473224031175562e+02 2.303241543806514358e+02 2.331201103677808248e+02 2.383733514937443658e+02
6.949999980300003877e+00 1.000003193999976503e-01 2.603145797300359099e-15 2.585663654304465240e+02 2.644977507217354287e+02 2.693199325124871280e+02 2.734536363712293223e+02 2.758118256262846444e+02 2.763421338177757889e+02 2.751225391126407089e+02 2.723230881616437955e+02 2.689900692852714883e+02 2.642218036573077029e+02 2.591067870917391929e+02 2.535327968015618012e+02 2.491744901394194471e+02 2.459690922311832537e+02 2.445352873386700026e+02 2.451879546539705359e+02 2.478713183965393227e+02 2.529703585170921940e+02
7.050000080650001166e+00 9.999988129999692887e-02 2.519389257589512282e-15 2.626402569742937203e+02 2.688437845285341723e+02 2.739558398271936994e+02 2.783815543567002919e+02 2.809610507612023866e+02 2.815980633292823541e+02 2.803638335237809542e+02 2.774421412255828159e+02 2.739000300584997944e+02 2.688125032379722938e+02 2.633277322214720471e+02 2.574168062658848157e+02 2.528143910787777884e+02 2.494495349891266756e+02 2.479429489256078796e+02 2.486244239821802182e+02 2.514466777605694006e+02 2.567839492161335215e+02
7.149999981849999742e+00 9.999992110000111012e-02 2.389968031761321319e-15 2.741740906299346534e+02 2.806538733521680911e+02 2.860866808536706003e+02 2.909312230148215122e+02 2.939565498960175773e+02 2.949949715963970220e+02 2.940298153842356328e+02 2.911541706498347253e+02 2.874034907704585748e+02 2.818146492851273592e+02 2.756897794351438051e+02 2.691166773530453611e+02 2.640021428033498410e+02 2.603164374780982939e+02 2.587013210048146448e+02 2.594601765175722790e+02 2.624781521489398415e+02 2.680798436795010389e+02
7.250000007700000637e+00 1.000001305999997925e-01 2.259063461763062549e-15 2.846440543800965770e+02 2.914053841256401824e+02 2.971632625604708551e+02 3.023913745767108594e+02 3.057974108692228015e+02 3.071786187043507539e+02 3.064764988843433571e+02 3.037354910742246261e+02 2.999739356295448260e+02 2.941629729139683036e+02 2.876825988324794139e+02 2.806477962890909907e+02 2.750752363017641073e+02 2.709753300099323496e+02 2.690506521315271584e+02 2.696414420755236847e+02 2.726361955080949429e+02 2.783614353281006970e+02
7.349999903300004966e+00 9.999966060000886614e-02 2.158737443121118426e-15 2.912388626929974293e+02 2.985883888552880876e+02 3.050679036133022919e+02 3.111470830262928757e+02 3.153858282677467173e+02 3.174381063788391089e+02 3.171371645866848894e+02 3.144428781336537781e+02 3.103171248132221649e+02 3.036733441072270807e+02 2.960782074801498993e+02 2.879158243689700498e+02 2.814218998073612852e+02 2.766728368674021681e+02 2.744066649028664528e+02 2.749774999535239886e+02 2.782400681084472467e+02 2.844377625815821489e+02
7.449999960550007572e+00 1.000004538999954562e-01 2.071297114136873441e-15 2.989165197272689625e+02 3.066702972587573868e+02 3.135594367916627334e+02 3.200702347816251745e+02 3.246737845544957395e+02 3.269529711554896494e+02 3.266973565768477101e+02 3.238434995452649900e+02 3.193622853038648373e+02 3.121320783826195111e+02 3.038362119761727058e+02 2.950175400828672991e+02 2.880569530389497004e+02 2.830503920218270650e+02 2.807398632681154140e+02 2.814685161788207779e+02 2.850541922951796892e+02 2.916910741252860362e+02
7.550000017750003067e+00 9.999966049999731155e-02 1.963879549196719463e-15 3.153953165972411057e+02 3.223924307281850474e+02 3.283335464181096768e+02 3.338056099282807736e+02 3.374403261910700849e+02 3.390308973199245202e+02 3.384664843671243943e+02 3.357084329737886605e+02 3.318146561261972920e+02 3.256674414686244745e+02 3.188246371057816191e+02 3.113561628678089619e+02 3.054663594657433237e+02 3.011573406648710147e+02 2.991804402643604703e+02 2.998551090332032345e+02 3.029932410699923366e+02 3.089415826209331613e+02
7.649999920150001742e+00 1.000001442999982615e-01 1.867747166649252706e-15 3.183075971381402383e+02 3.265716150772306037e+02 3.341783358589179329e+02 3.416807849749685033e+02 3.474296194070184924e+02 3.508814006980904878e+02 3.516414114148807357e+02 3.494227059929082770e+02 3.450491234760169732e+02 3.372552470118371275e+02 3.279466654469978266e+02 3.178149353565792126e+02 3.095526011991775590e+02 3.034117854826278631e+02 3.002831170304236821e+02 3.005655777653946643e+02 3.040298216987519027e+02 3.108142403106885467e+02
7.749999941550001381e+00 9.999989850000101654e-02 1.793711133870519117e-15 3.298589695643397590e+02 3.385343960183543004e+02 3.465422579084150243e+02 3.544831960675020355e+02 3.605898833085713591e+02 3.642166498854870156e+02 3.649014873102573802e+02 3.623268400766419859e+02 3.573525485867212979e+02 3.487078039192343795e+02 3.384952309212172281e+02 3.276198172479773802e+02 3.189598054528925672e+02 3.127501879173220800e+02 3.098308230204916640e+02 3.105292623407541441e+02 3.145263097825298928e+02 3.218891623821644998e+02
7.849999898000001863e+00 1.000000143999999480e-01 1.717235923365322253e-15 3.446837173611338585e+02 3.522942024139885007e+02 3.588370318427718075e+02 3.649702894061439906e+02 3.691644834994443158e+02 3.711372644258561309e+02 3.707109814156768266e+02 3.677876809475912410e+02 3.634778152992283822e+02 3.565630058851616582e+02 3.488288359576889093e+02 3.404449847441360930e+02 3.338699139829755609e+02 3.291069440204327066e+02 3.269540913384912528e+02 3.277313174684811088e+02 3.311955079248796210e+02 3.376866893104973428e+02
7.949999952600000697e+00 1.000000947999986067e-01 1.636435912376984408e-15 3.567437504286446028e+02 3.639393830321156429e+02 3.699546601571717588e+02 3.754920449312920141e+02 3.791029503382856092e+02 3.806422632458102839e+02 3.800116870709060777e+02 3.771443584679231549e+02 3.732204118913060142e+02 3.670120376452144342e+02 3.602183704985423560e+02 3.526931569012999717e+02 3.467720429984352677e+02 3.423885058236319878e+02 3.403616800053214320e+02 3.410233979214781357e+02 3.441509264868437867e+02 3.502013319066907684e+02
8.050000004050000157e+00 1.000000081000003149e-01 1.548342527152782251e-15 3.711460453413346841e+02 3.787721195911148016e+02 3.852323654334410890e+02 3.912660996336372818e+02 3.953233103947508766e+02 3.971899379801386090e+02 3.967079460085394089e+02 3.937617530545255704e+02 3.895388509486395492e+02 3.827522595405586117e+02 3.752502091030451652e+02 3.670071246408007823e+02 3.605357615519255887e+02 3.557944073281099691e+02 3.536302390228830177e+02 3.543713937276037882e+02 3.577547604759551518e+02 3.642043927840255151e+02
8.149999987650000222e+00 9.999995909999981336e-02 1.470022940234707848e-15 3.856488202948135040e+02 3.929812089844770640e+02 3.990811124895655553e+02 4.047500776599687242e+02 4.084640452221549367e+02 4.100810737859344499e+02 4.094720965752271695e+02 4.065172629047120836e+02 4.024610419536244876e+02 3.960111330011704354e+02 3.890287916650030979e+02 3.812906850044554972e+02 3.752674281226727544e+02 3.708452162844389477e+02 3.688634514124724433e+02 3.696271343315754052e+02 3.728508512864721638e+02 3.790338470652707201e+02
8.249999904750001889e+00 9.999987510000174495e-02 1.420649682367507240e-15 3.915528394447321716e+02 3.980864537128218217e+02 4.033437054444776777e+02 4.081865410686576183e+02 4.112216910536573096e+02 4.124508164449999299e+02 4.118024765662327695e+02 4.091389878141636132e+02 4.057096868351617331e+02 4.002419408355406176e+02 3.945005390957786062e+02 3.879152890448628455e+02 3.827765176034387196e+02 3.788948843647467584e+02 3.771063165119351765e+02 3.777033517102061069e+02 3.803980957422969027e+02 3.857936033017123236e+02
8.349999887550001887e+00 1.000000904999982509e-01 1.340886246002590607e-15 4.097715604403788916e+02 4.160211844512357970e+02 4.208847874743780721e+02 4.252970628657817542e+02 4.279170418785467405e+02 4.288578329825320452e+02 4.280956569833852541e+02 4.254932071796100104e+02 4.223651476154713009e+02 4.174026894892659811e+02 4.123434762706556853e+02 4.063418279481016384e+02 4.016429475439010162e+02 3.980048061664419379e+02 3.962953339646676341e+02 3.968104126126181654e+02 3.992586796480842963e+02 4.043456081238840056e+02
8.449999923900000098e+00 9.999998219999994831e-02 1.290102527188355902e-15 4.147572767810399341e+02 4.203551874603094802e+02 4.245681632813075339e+02 4.283791152714819646e+02 4.305383693721680061e+02 4.312608608714792808e+02 4.305574248381070674e+02 4.282577320863117620e+02 4.256567725344164614e+02 4.214518614751044083e+02 4.173283115811401558e+02 4.121849127318594697e+02 4.081330928253339039e+02 4.048715441357938403e+02 4.032690307703845747e+02 4.036168176978939073e+02 4.056177827291093081e+02 4.100481929827688532e+02
8.549999948900000035e+00 1.000000677999999255e-01 1.236588982107130338e-15 4.216066297967048513e+02 4.268541051371100252e+02 4.307708389421657103e+02 4.343756020710561074e+02 4.364363537176655541e+02 4.371994995379664601e+02 4.366667781322157680e+02 4.346147180700090757e+02 4.323084044594947954e+02 4.284358395243879158e+02 4.247157067527559775e+02 4.199227548503279195e+02 4.161262713138796698e+02 4.129869149159022754e+02 4.113783010879685662e+02 4.115882376473560385e+02 4.133036776526005838e+02 4.173352901013348628e+02
8.649999943550000125e+00 9.999992150000025504e-02 1.188493253396945417e-15 4.361899608329702005e+02 4.418147738446159565e+02 4.459465010154397078e+02 4.496320542663241326e+02 4.516019699075904441e+02 4.521312470121634988e+02 4.512642100571003994e+02 4.488377972574932642e+02 4.462249084892027327e+02 4.420731074399781164e+02 4.381200434721584429e+02 4.331195326748455727e+02 4.292199696453610045e+02 4.260667676618305677e+02 4.245528493918959612e+02 4.249689788291263426e+02 4.269973253841912424e+02 4.314734792095272837e+02
8.750000092950005026e+00 1.000003773000095464e-01 1.148059296538428936e-15 4.395586326559583199e+02 4.446926161769681016e+02 4.483856582456899673e+02 4.517191389883825536e+02 4.534767303074654023e+02 4.539869047117941250e+02 4.532954891443552015e+02 4.511872571639062244e+02 4.489921417601946132e+02 4.453585408608359444e+02 4.420159298724375958e+02 4.375552253037587889e+02 4.340412694620141565e+02 4.310836361591091190e+02 4.295795235826123530e+02 4.298177114131098620e+02 4.314708493200828343e+02 4.354151935729457250e+02
8.850000163050005142e+00 9.999976289999068513e-02 1.095167929801276060e-15 4.478162773119661324e+02 4.525935598611113164e+02 4.559952215028621936e+02 4.591400485134998917e+02 4.608299263024497350e+02 4.614299699958774568e+02 4.609758151361841669e+02 4.591898246836801150e+02 4.573616448299904391e+02 4.541163434579914338e+02 4.512179842525866889e+02 4.471099188595075589e+02 4.438167174672040574e+02 4.409167867256778663e+02 4.393288404082288139e+02 4.393524179438618944e+02 4.406522607154356024e+02 4.441458178856984773e+02
8.950000067250000413e+00 1.000000454999998567e-01 1.055072071250063135e-15 4.667774738179367091e+02 4.723411722230907799e+02 4.763046196255633049e+02 4.798242807276985218e+02 4.816116377037759548e+02 4.820153266711052424e+02 4.810941898642556112e+02 4.786505605315405774e+02 4.761338628308932357e+02 4.721180488136328677e+02 4.684298604491939386e+02 4.636131830068146655e+02 4.598834938259782916e+02 4.568266537141003028e+02 4.553755804500384556e+02 4.558128279668402456e+02 4.577768883157658593e+02 4.621855532285748609e+02
9.050000040449999616e+00 9.999990089999855059e-02 1.015310567135610378e-15 4.720953938560020902e+02 4.772750092047552357e+02 4.809093042232325388e+02 4.841872810574921573e+02 4.858582804963695594e+02 4.863174135617326215e+02 4.856202043030495474e+02 4.835111693489498634e+02 4.813925070256887579e+02 4.778192821640597572e+02 4.746255362675602782e+02 4.702060355790675317e+02 4.667211888682658127e+02 4.637360332521678288e+02 4.622072807698060615e+02 4.624302238057643990e+02 4.640383950419438861e+02 4.679856428779278872e+02
9.150000087450001374e+00 1.000001931000049638e-01 9.792110976691418260e-16 4.818299344359681982e+02 4.869739214594878263e+02 4.905447932016784875e+02 4.937669879123610599e+02 4.953839928180249217e+02 4.958120380298061605e+02 4.951065074118338316e+02 4.929957172489889103e+02 4.909033811572747936e+02 4.873673714125076799e+02 4.842588970437137164e+02 4.799047794076234368e+02 4.764853274334712410e+02 4.735451089581987389e+02 4.720500224901389288e+02 4.722874099564048151e+02 4.738718578049369512e+02 4.777813794116585200e+02
9.250000166400003110e+00 9.999996479999850862e-02 9.360720827789367423e-16 4.951547609972703299e+02 5.004321539915749213e+02 5.040710686553546793e+02 5.073302518178672926e+02 5.089239880637271654e+02 5.092905044783354356e+02 5.085011431055057187e+02 5.062946404110040817e+02 5.041454830593411316e+02 5.005452834605583234e+02 4.973999893123977927e+02 4.929819406440039415e+02 4.895216729706110073e+02 4.865439358161767132e+02 4.850383434259405817e+02 4.853020417949599619e+02 4.869467528426312697e+02 4.909824500182953670e+02
9.350000018000002910e+00 9.999973839999931613e-02 9.074196192721349348e-16 5.024417913120922776e+02 5.078417087919385153e+02 5.115776087060185660e+02 5.149296146845723570e+02 5.165852887309835069e+02 5.169766826193797442e+02 5.161668527142187486e+02 5.138852743446341265e+02 5.116281641316109585e+02 5.078735252916110312e+02 5.045730659786718775e+02 5.000028356632751638e+02 4.964447998667628781e+02 4.934199736119526278e+02 4.919249460861174725e+02 4.922503039168927899e+02 4.939886020388693737e+02 4.981512006410915774e+02
9.449999848600002750e+00 9.999992280000213896e-02 8.675687767981412207e-16 5.115290103384867280e+02 5.167616460903486768e+02 5.203878175246452429e+02 5.237154109564993405e+02 5.254138121319124366e+02 5.259252719229161812e+02 5.253010875040978362e+02 5.232315382352810502e+02 5.211959894813538767e+02 5.176323235207080415e+02 5.145386245541101289e+02 5.101065904755193401e+02 5.066160461113627775e+02 5.035587452508390811e+02 5.019505466181943234e+02 5.020984094767410966e+02 5.035994928904432868e+02 5.075024912257574101e+02
9.549999751400006787e+00 9.999988280000593477e-02 8.398536475597532196e-16 5.151696571291100781e+02 5.199333670003273937e+02 5.231399852519346041e+02 5.261343834411590024e+02 5.276459512873403810e+02 5.281746552249273918e+02 5.277695742670056234e+02 5.260534398866478796e+02 5.244468791398502390e+02 5.213866446003031569e+02 5.188699433488409340e+02 5.149244150646017033e+02 5.117575857314729433e+02 5.088419800380282823e+02 5.072115468857128349e+02 5.071757890861294413e+02 5.083128922888192278e+02 5.116993409879710271e+02
9.650000011300011948e+00 1.000006370000026124e-01 8.002195709890957857e-16 5.358194540707376063e+02 5.411927237413726743e+02 5.448570028225793749e+02 5.481927320248560136e+02 5.498338153466113454e+02 5.502684660582281140e+02 5.495625875546176076e+02 5.473940823257539705e+02 5.453138791834426229e+02 5.416934583523876654e+02 5.386089820440146241e+02 5.341271525268787173e+02 5.306109514322020004e+02 5.275207266759205140e+02 5.259153571093071378e+02 5.261068026803133080e+02 5.276647353524249411e+02 5.316906205302212811e+02
9.749999988500011483e+00 9.999931740000000957e-02 7.709570290353676231e-16 5.342422161429016114e+02 5.389213684895720462e+02 5.421054623196187094e+02 5.451870065397858980e+02 5.468349973435640550e+02 5.475556317128621231e+02 5.473825097706736642e+02 5.458868403968375560e+02 5.444848057208367891e+02 5.415329045555974972e+02 5.391355851992663020e+02 5.352173696296182470e+02 5.320274100859267037e+02 5.289911386731394032e+02 5.271797435288347060e+02 5.269322249041169925e+02 5.278287650167204674e+02 5.309970102268069923e+02
9.849999873100006909e+00 1.000004517999890652e-01 7.416065220312214480e-16 5.516777263524397767e+02 5.569837560490437909e+02 5.606673961832386794e+02 5.641523526901459036e+02 5.660066325385997743e+02 5.666995872400433427e+02 5.662610751953503723e+02 5.643065519381946160e+02 5.623724047529397012e+02 5.587667288964539694e+02 5.556826989781361590e+02 5.511332061817166732e+02 5.475349937818540411e+02 5.443104034539759368e+02 5.425413734089282798e+02 5.425547137430465909e+02 5.439113799244820484e+02 5.477483809233492593e+02
9.950000049500001609e+00 9.999990099999855886e-02 7.128639164058106745e-16 5.490472730502450531e+02 5.532750259442350398e+02 5.561627437087050794e+02 5.591596844769919699e+02 5.609010791494295063e+02 5.618963600464753654e+02 5.621406477076220654e+02 5.611110453853395938e+02 5.601626593757408727e+02 5.575842803913772059e+02 5.555896159088347304e+02 5.519757425873318653e+02 5.489761063984373095e+02 5.459492139235749164e+02 5.439796232855860580e+02 5.434200622879355933e+02 5.438445901948841765e+02 5.464329237362240974e+02
1.500000000000000000e+01 1.000000000000000000e+01 2.088837912216043718e-16 7.657866076251357299e+02 7.729238569986831635e+02 7.777608178021839649e+02 7.823070378789526558e+02 7.845487800999751471e+02 7.851187772549708370e+02 7.840976757053450683e+02 7.810460003600258005e+02 7.781489595597817015e+02 7.730225711326608007e+02 7.687391361445925213e+02 7.626601516813797161e+02 7.581117896877051408e+02 7.541772538539752304e+02 7.522342272554822102e+02 7.526664640065711183e+02 7.548591949681218694e+02 7.603650756810950497e+02
1.712903225806451530e+02 3.025806451612903061e+02 1.083882704051282035e-18 3.633774299533402541e+02 3.671224137229419284e+02 3.697146339860277635e+02 3.720607695000842341e+02 3.730867447272279378e+02 3.730404466069901446e+02 3.720469416205606876e+02 3.700618350300928796e+02 3.682121507778801401e+02 3.652907288914294668e+02 3.627738033395490902e+02 3.596286208720432569e+02 3.574538756907533639e+02 3.557207771907504252e+02 3.550099973226504630e+02 3.555267488731412868e+02 3.570444778770097400e+02 3.602677146075248515e+02
