6.500000010000002160e-01 1.000000260000001306e-01 2.155118092546379426e-13 4.337141841453293761e-02 4.343804310898888299e-02 4.341591028700082094e-02 4.344265806625044468e-02 4.342401239114797307e-02 4.340661523726379450e-02 4.339231066050062285e-02 4.333749143080172644e-02 4.333893879429365215e-02 4.326220278260965724e-02 4.329722973222541876e-02 4.326048333681910968e-02 4.329136432669956902e-02 4.329510012007571629e-02 4.331563315710396794e-02 4.335023255287306226e-02 4.334939253649298940e-02 4.340338366431565481e-02
7.500000070000001351e-01 9.999998599999970761e-02 4.352987752938520481e-13 8.578901974053176893e-02 8.591362937377730602e-02 8.587242973820005676e-02 8.593905739954921241e-02 8.592887120780565158e-02 8.593360107796478575e-02 8.595378687431753928e-02 8.589877394560557766e-02 8.595336880821280445e-02 8.584062236821859981e-02 8.592789671630553239e-02 8.584764094349683905e-02 8.587820236209976754e-02 8.583928994325132344e-02 8.582609840888882902e-02 8.584132920918141618e-02 8.579492533852305092e-02 8.587065493384020420e-02
8.500000045000000171e-01 1.000000089999999453e-01 5.664623450356000605e-13 1.447491753513384383e-01 1.448603283257070273e-01 1.447329078758592957e-01 1.448296138214322792e-01 1.448303999308499235e-01 1.448775846622833430e-01 1.449595020062340311e-01 1.449162706942308254e-01 1.450628003095198737e-01 1.449393361450752038e-01 1.451704639608095426e-01 1.451256114176193712e-01 1.452575194270273318e-01 1.452418958690306072e-01 1.452230384498713611e-01 1.451972468180920683e-01 1.450176309973091604e-01 1.450155505553482327e-01
9.500000044999999949e-01 9.999999100000001029e-02 6.048656935338738867e-13 6.257122550313524989e-02 6.233331015421847421e-02 6.212442674092267386e-02 6.217891796369506840e-02 6.234596267821318483e-02 6.264120886722214510e-02 6.298534769323792248e-02 6.323129308855331143e-02 6.347001872375927778e-02 6.351118414786501021e-02 6.366587264409236113e-02 6.368886637313445065e-02 6.378654022992961969e-02 6.380286460718509467e-02 6.377166658471492000e-02 6.365301131474285223e-02 6.335563252765136211e-02 6.303603680904035222e-02
1.049999999449999999e+00 9.999999889999999780e-02 5.870947286854918867e-13 5.758258917962298939e-01 5.752840937249881215e-01 5.741139457647628230e-01 5.741848291828389739e-01 5.741746990798920480e-01 5.745689925315048407e-01 5.752298296340466743e-01 5.754574296294518998e-01 5.765123383317553030e-01 5.766296753278974396e-01 5.783423968019458794e-01 5.790578919001838631e-01 5.804181055079161711e-01 5.809454804764581093e-01 5.810606228370460702e-01 5.806593224274547715e-01 5.791699079490614244e-01 5.780600225018749372e-01
1.150000001850000064e+00 1.000000058999999109e-01 5.516188505353799982e-13 8.587066942492513344e-02 8.514092589762339847e-02 8.475387215846635902e-02 8.518290750295713643e-02 8.623560712713160270e-02 8.781491401139977782e-02 8.955695946393976703e-02 9.094536000052147462e-02 9.185921814431384502e-02 9.195157152833388636e-02 9.174106822279580464e-02 9.107718013326016049e-02 9.046669686352552808e-02 8.984257489616451209e-02 8.931000664277656542e-02 8.875984672109978046e-02 8.795218544438186681e-02 8.703100280089687280e-02
1.250000001749999923e+00 9.999999390000002819e-02 5.155032636623057289e-13 2.063955622350486241e+00 2.060080081465216040e+00 2.054889690701510840e+00 2.055532888514744361e+00 2.057289714588119267e+00 2.061557116916793664e+00 2.067116625464665347e+00 2.070554289073345711e+00 2.075691944085695351e+00 2.076140626396610234e+00 2.081424623529367413e+00 2.082819303998852956e+00 2.086678849484427722e+00 2.087895360671768508e+00 2.087930955505492570e+00 2.086077582388218943e+00 2.079815393092853348e+00 2.074136169377059691e+00
1.350000003549999938e+00 1.000000097000000032e-01 4.468734994634523998e-13 1.473188397800056781e-01 1.460750287645111167e-01 1.456320949712004154e-01 1.468326149633965294e-01 1.492826241273745302e-01 1.526715084323917448e-01 1.561845034587326930e-01 1.587892798893857371e-01 1.602465474373027943e-01 1.600414118318736201e-01 1.591826168883874459e-01 1.575437305919470954e-01 1.561115790281339122e-01 1.548097366269698405e-01 1.537801180279011470e-01 1.527408954716023004e-01 1.512088042651049402e-01 1.494435214120646005e-01
1.450000000449999993e+00 9.999998410000010551e-02 3.843628115686187105e-13 4.016387793451399457e-02 4.018605887765997614e-02 4.036490108670311161e-02 4.089365335340983815e-02 4.162516669343714615e-02 4.246018553952399244e-02 4.319731613178055124e-02 4.359902311998031105e-02 4.365655751730448952e-02 4.327674107598882686e-02 4.274107803360902014e-02 4.205390323885207365e-02 4.151291991519266006e-02 4.110000497810171322e-02 4.085393780050135953e-02 4.070371955208865883e-02 4.051884224869611861e-02 4.036130762613281825e-02
1.549999996249999956e+00 1.000000075000000432e-01 3.628555734487167187e-13 3.705106343191685081e+00 3.693606842707682247e+00 3.683304280886499527e+00 3.689099611659137690e+00 3.702717834669280172e+00 3.725209005746920266e+00 3.751134971911032956e+00 3.770200468767062940e+00 3.785976086330702373e+00 3.785976542885135299e+00 3.788570998836927828e+00 3.780908314700667017e+00 3.777571036198134280e+00 3.771385690434529536e+00 3.765790935903504000e+00 3.758736196756587766e+00 3.743904168403063171e+00 3.728953982673115952e+00
1.650000005949999959e+00 1.000000118999999632e-01 3.491824979799630083e-13 3.032998649382996792e+00 3.018824458571597091e+00 3.009390597431916614e+00 3.018163033307643683e+00 3.038067116038228654e+00 3.068307657450199954e+00 3.101500598168764444e+00 3.126027647257909159e+00 3.142786700331954730e+00 3.141573541816532256e+00 3.139101836991078809e+00 3.126863234894912580e+00 3.118661996024634675e+00 3.109470745898817778e+00 3.102003622887851364e+00 3.093424668452219084e+00 3.077153898699006351e+00 3.059010028306609730e+00
1.749999998750000119e+00 9.999997370000013319e-02 2.869704739599374185e-13 1.272474253855699677e+00 1.265620631166061827e+00 1.264135932487568503e+00 1.274613870167404128e+00 1.293442338583897122e+00 1.318330557667908520e+00 1.343239188870223089e+00 1.360482822676315484e+00 1.369032849420479758e+00 1.364930063843716512e+00 1.356607628984829672e+00 1.342679743375064572e+00 1.331240951347411272e+00 1.321322628339396177e+00 1.314101281585129177e+00 1.307410460062217172e+00 1.297376114613048914e+00 1.286259762450205457e+00
1.849999991850000081e+00 1.000000124999997908e-01 2.219710997559836794e-13 1.466259375479053717e-01 1.490446193665501406e-01 1.512183193284571125e-01 1.535298091766880424e-01 1.554001209653279592e-01 1.567051136451858007e-01 1.572876270375846708e-01 1.570123538183556544e-01 1.564282191248660414e-01 1.551527518536068295e-01 1.534535840134720608e-01 1.509776481107928670e-01 1.486685305952168135e-01 1.465045769618058269e-01 1.448482381106851735e-01 1.438995341504126224e-01 1.437078451679122959e-01 1.448120148080303260e-01
1.949999999050000099e+00 1.000000019000000240e-01 1.878759087262599914e-13 4.796626951274514661e-01 4.833484510188355565e-01 4.871924933134555991e-01 4.929318276986791592e-01 4.988928123570361972e-01 5.045281163695473081e-01 5.086723872465016560e-01 5.099396789908764438e-01 5.092769021862956214e-01 5.054572439789284388e-01 5.005393245383038536e-01 4.937062184441960988e-01 4.879827530575798766e-01 4.830778693863772011e-01 4.797548205952871792e-01 4.779287637539264000e-01 4.769338625007487620e-01 4.779898812812947151e-01
2.049999991600000016e+00 9.999998320000003105e-02 1.704896926716234454e-13 5.501814899279176885e+00 5.485132788199767795e+00 5.488049725152395197e+00 5.536926911584281186e+00 5.614869553947371195e+00 5.712269416347926843e+00 5.805156222127370924e+00 5.863456219498929478e+00 5.885351695852834020e+00 5.855790383675611110e+00 5.811971222280821969e+00 5.748329570146331058e+00 5.699254576863441279e+00 5.659665927377877992e+00 5.634131394170013962e+00 5.613508403010090575e+00 5.581414158848398088e+00 5.546933828681003043e+00
2.150000002600000126e+00 1.000000388000001905e-01 1.582916525364899436e-13 5.223544939145948085e+00 5.212580675181720302e+00 5.219006625987158365e+00 5.267356050794218092e+00 5.341247611938545248e+00 5.431660629368855631e+00 5.516435912935575558e+00 5.567815785415192842e+00 5.584855270873208433e+00 5.553592534962177751e+00 5.509045349966262606e+00 5.446130364608391616e+00 5.397744378385030295e+00 5.359173771864701230e+00 5.334962462181350951e+00 5.316776644710158095e+00 5.289277270556834054e+00 5.261033365064458955e+00
2.250000007549999737e+00 9.999997109999947398e-02 1.463278584715465038e-13 7.612380084079483078e-01 7.759143026423236389e-01 7.882846579766575879e-01 8.004779805590951369e-01 8.099786225558366359e-01 8.160778365391198053e-01 8.173967370761897611e-01 8.134685041152626139e-01 8.079886889963400209e-01 7.992432659055848099e-01 7.881349690564912747e-01 7.732467405799772209e-01 7.599952741256320587e-01 7.489339389425804239e-01 7.418340655134053607e-01 7.389087731450877383e-01 7.402031540878385441e-01 7.487828353673093851e-01
2.349999986949999897e+00 9.999998770000040338e-02 1.221728999664105110e-13 1.231896225619106167e+00 1.255758997827708612e+00 1.276358027801394623e+00 1.297142581075881651e+00 1.314043033739450639e+00 1.325644023417996697e+00 1.329122702326049010e+00 1.323273235104847734e+00 1.313848627803474445e+00 1.298189677608019954e+00 1.278348529831472069e+00 1.252519008874366291e+00 1.229750348727114639e+00 1.211226085793624563e+00 1.199803601213922155e+00 1.195437017988371320e+00 1.197866755155260865e+00 1.211847224526430233e+00
2.449999990400000272e+00 1.000000191999999011e-01 9.523077846134986441e-14 2.364429186803821636e+00 2.395631946591019190e+00 2.422385084888453388e+00 2.451736459947043034e+00 2.476048830147844715e+00 2.493898425005483865e+00 2.501649503868057511e+00 2.496405080254687991e+00 2.486670481347129869e+00 2.466424672329608381e+00 2.441712716824924634e+00 2.406993118860524916e+00 2.376728255921490174e+00 2.350471484533322108e+00 2.332898419007360502e+00 2.324645814316714798e+00 2.324746964406273264e+00 2.341062441376917658e+00
2.550000015600000225e+00 1.000000312000004499e-01 7.696486986909129835e-14 1.347493222980450378e+00 1.399434426917894436e+00 1.443905635308242452e+00 1.483482531579253028e+00 1.512719318127637935e+00 1.527956643244986257e+00 1.524889374051435542e+00 1.505362899627881390e+00 1.480732976566290215e+00 1.449042939798115937e+00 1.408028219648252310e+00 1.358506965717128923e+00 1.314391739569492401e+00 1.280331248729922544e+00 1.260300727311305380e+00 1.254248865224008247e+00 1.264381037499809679e+00 1.298475730223727087e+00
2.650000016949999981e+00 9.999997149999950707e-02 7.191438556541753605e-14 1.539077196456828833e+00 1.608305083276952763e+00 1.667350686422829353e+00 1.719211859970842138e+00 1.757548415725620705e+00 1.777047598598571865e+00 1.771599915693179872e+00 1.744149069301011545e+00 1.709729146629349161e+00 1.666649992335483610e+00 1.610518913683920639e+00 1.543938530738382164e+00 1.485059045539955935e+00 1.440897227696157135e+00 1.416090843520698028e+00 1.409874305383640669e+00 1.425284050864579877e+00 1.472184547235930285e+00
2.749999990150000073e+00 9.999997490000023248e-02 6.266512532771590528e-14 2.147376103821780458e+00 2.239241251480914130e+00 2.317511684604512290e+00 2.386339592508963214e+00 2.436760537344608846e+00 2.461798813722651413e+00 2.453726525224064758e+00 2.416635471913286981e+00 2.370826239762990451e+00 2.313849001240682490e+00 2.240376515675655433e+00 2.153172385958489254e+00 2.076347475828622891e+00 2.018505226897994831e+00 1.985728072740579275e+00 1.977261511124828397e+00 1.997244897271933883e+00 2.059094797426945345e+00
2.849999972850000063e+00 9.999999050000019096e-02 5.474353573805181617e-14 3.583297538402372862e+00 3.705353569303720729e+00 3.809987433550499514e+00 3.904187145780696699e+00 3.973749700404813012e+00 4.010637857564677056e+00 4.005167029760147379e+00 3.960930588142783648e+00 3.904594469674052881e+00 3.829999232931730724e+00 3.734531960783754823e+00 3.618123177341505681e+00 3.514421902796330155e+00 3.433094911271344252e+00 3.384304469066471643e+00 3.368700092246429190e+00 3.391097407529283458e+00 3.470125337384841746e+00
2.949999999050000543e+00 1.000000619000003255e-01 4.882222156918780427e-14 7.371106388846283330e+00 7.515891177624600239e+00 7.635066755692238694e+00 7.745864944605655111e+00 7.822620569742627872e+00 7.861143501066191419e+00 7.855115942723104538e+00 7.806492739371414302e+00 7.752481268689797034e+00 7.675250479682079074e+00 7.582656961488596359e+00 7.456401293692365151e+00 7.343317928280485241e+00 7.244745110222210016e+00 7.177639907302178379e+00 7.148424835562114055e+00 7.161851495987019867e+00 7.247643136925662866e+00
3.049999991750000916e+00 9.999992349999997643e-02 4.426298603049980901e-14 1.255146803899553198e+01 1.271417717933437252e+01 1.284628808051876625e+01 1.298264081208291998e+01 1.308247422704307361e+01 1.314330839429334219e+01 1.315647790751738100e+01 1.311527203863539093e+01 1.306728110169504475e+01 1.297865489522858340e+01 1.287719858638054227e+01 1.272548125074862035e+01 1.259257683208559975e+01 1.247020056953749467e+01 1.238267429857148905e+01 1.233922707128694896e+01 1.233997697408365468e+01 1.242745383574340501e+01
3.149999976750000208e+00 1.000000464999994954e-01 4.092367406224517573e-14 1.238753119921191548e+01 1.263547511024409609e+01 1.284771218212090993e+01 1.305630971599131307e+01 1.322167781601551972e+01 1.333130616361431819e+01 1.335812978813878438e+01 1.329294827126259726e+01 1.319317043982150572e+01 1.302967033205186276e+01 1.282551017047305209e+01 1.256272213685648431e+01 1.233066857069742817e+01 1.214290860213737666e+01 1.202952436928367064e+01 1.199034951000496108e+01 1.202414399715556037e+01 1.217637869075523582e+01
3.250000016500000477e+00 1.000000330000001547e-01 3.830963853034493111e-14 9.939440858521413347e+00 1.026345888780698878e+01 1.053907259286653542e+01 1.078709969222826892e+01 1.097591235751966821e+01 1.108722435258204975e+01 1.108753514108594018e+01 1.097801760764019186e+01 1.082629042026847088e+01 1.061455600178995695e+01 1.034335966257967954e+01 1.001412178649592732e+01 9.720614119411488119e+00 9.496525917989117715e+00 9.373372884363639912e+00 9.345934425000617551e+00 9.418730393336950613e+00 9.637389758420658481e+00
3.349999999500000492e+00 9.999993299999987428e-02 3.610829415718221538e-14 1.018607354580831981e+01 1.064641518693488287e+01 1.106408284273352827e+01 1.145688573801605870e+01 1.179156171340571646e+01 1.202933169839195493e+01 1.209764271627536658e+01 1.198148117606737273e+01 1.175459783498064326e+01 1.140325089248891466e+01 1.093494838180777862e+01 1.038917052420061715e+01 9.899932292337345174e+00 9.540358704315661242e+00 9.355407433004852891e+00 9.323511923916075972e+00 9.441744972104494593e+00 9.755585888126477201e+00
3.449999956750000596e+00 9.999998150000077857e-02 3.398270158181024673e-14 1.244989836888635004e+01 1.288848177556447361e+01 1.325647680484536295e+01 1.358118569391477060e+01 1.382802427985947524e+01 1.397283146272025078e+01 1.396649256123369653e+01 1.381100566802674301e+01 1.359754765536096954e+01 1.330517816126561215e+01 1.292912844379602433e+01 1.247758776085952093e+01 1.207670645159421774e+01 1.177941723957691877e+01 1.162718886775370564e+01 1.160673352653384249e+01 1.172175195951268911e+01 1.203079410438029306e+01
3.549999959350000900e+00 1.000000236999993852e-01 3.180128861117769434e-14 2.184791288708382950e+01 2.224631890268477719e+01 2.256724626835290692e+01 2.287090531267273263e+01 2.309578169402329451e+01 2.323013643875816214e+01 2.323649834884477627e+01 2.310547968440604194e+01 2.294135058807897565e+01 2.269173019151596904e+01 2.239119002057434571e+01 2.199569760481231029e+01 2.165187407168496136e+01 2.137630103423656180e+01 2.121760110457446658e+01 2.117364980342495073e+01 2.124112790672980822e+01 2.150036391743584474e+01
3.649999987450000205e+00 1.000000324999996693e-01 2.975395273337816680e-14 3.576982649299233685e+01 3.610795526659924803e+01 3.638015988323915906e+01 3.670329392291348114e+01 3.697705173651497290e+01 3.719225869158061926e+01 3.729709092170498508e+01 3.724089007915852534e+01 3.713549105950289686e+01 3.688471937880465390e+01 3.660177055528079393e+01 3.619333616303742218e+01 3.585836489170930719e+01 3.557592830529587502e+01 3.540393702453121705e+01 3.533726900468833776e+01 3.534595135925783893e+01 3.553399311265528837e+01
3.750000036050000762e+00 1.000000647000014453e-01 2.777810419460189732e-14 6.437040107357594820e+01 6.463165147261820209e+01 6.487570663680646987e+01 6.533852111672700858e+01 6.584019072021594354e+01 6.635578452314106812e+01 6.676295025720393994e+01 6.690114201198575472e+01 6.689239583112735943e+01 6.655597887266731050e+01 6.617931386817787143e+01 6.559878270286567670e+01 6.514979720825273546e+01 6.476242972583871449e+01 6.451898032484078271e+01 6.438864854963814821e+01 6.427571862204861475e+01 6.433251556676778193e+01
3.850000006900001104e+00 9.999987699999923763e-02 2.578577538292435464e-14 9.614712557774966228e+01 9.632526368109863313e+01 9.653235070091280079e+01 9.713777936686153680e+01 9.787776151994522422e+01 9.871402695172938024e+01 9.944959081435622750e+01 9.980657982345044843e+01 9.992307079981043216e+01 9.951956207588226277e+01 9.906348830569218933e+01 9.830609315034952544e+01 9.773310012408902026e+01 9.722285611564360863e+01 9.688788664303126552e+01 9.667247507345130941e+01 9.641344979455527664e+01 9.632318804167550752e+01
3.949999972700000583e+00 1.000000545999992774e-01 2.368421401483588775e-14 1.243590242428582826e+02 1.244705168700728422e+02 1.246371539619341888e+02 1.253429659770157087e+02 1.262533391506489124e+02 1.273255922041313255e+02 1.283062856910804896e+02 1.288239457986919945e+02 1.290363672825339449e+02 1.285758211613219260e+02 1.280670683880918261e+02 1.271796628869876145e+02 1.265247682093072399e+02 1.259318918994209611e+02 1.255396667519379577e+02 1.252712910049087895e+02 1.249059470294451302e+02 1.247079329052869809e+02
4.049999991800000032e+00 9.999998360000006414e-02 2.144286242101449433e-14 1.900278329025312303e+02 1.899763040786340014e+02 1.900550783492267044e+02 1.910186073077822186e+02 1.923674179123860597e+02 1.940429441243773852e+02 1.956483194253727333e+02 1.965833151213953442e+02 1.970451273327915089e+02 1.964583426594992659e+02 1.958125664133866621e+02 1.945931538901338911e+02 1.937111371697485822e+02 1.928896432565502437e+02 1.923318768670076224e+02 1.919103395303718571e+02 1.912692781308066969e+02 1.907959845345147301e+02
4.149999975000000063e+00 9.999998279999999795e-02 1.950843224154903424e-14 2.115643058371297514e+02 2.114515797896418405e+02 2.114341207753494132e+02 2.123391105132742496e+02 2.136308621539937462e+02 2.152798890488195127e+02 2.168876652234217204e+02 2.178253839113305901e+02 2.183240571806099695e+02 2.177384278625656577e+02 2.171701245211591527e+02 2.160073473215946080e+02 2.152154202591355840e+02 2.144633296943087828e+02 2.139681065123148755e+02 2.135898529438470632e+02 2.129393067201293377e+02 2.124390480978590006e+02
4.249999978900000031e+00 1.000000249999999369e-01 1.775238483540966244e-14 1.771138353595435433e+02 1.771491437507303033e+02 1.772217563425584501e+02 1.780076760604538038e+02 1.790545515554107681e+02 1.803413154459885277e+02 1.815450678473847574e+02 1.821608340432079558e+02 1.824022131082968485e+02 1.817515088301979063e+02 1.811486754381380422e+02 1.801007436984172898e+02 1.794188707203187505e+02 1.788277426162871961e+02 1.785038594132777519e+02 1.783185890365950002e+02 1.779344934166764745e+02 1.776857697197281709e+02
4.349999969300000657e+00 9.999995580000042850e-02 1.541975008599334207e-14 1.629968387118229884e+02 1.631741448619618780e+02 1.633243349607013499e+02 1.640526538616415451e+02 1.649427061419914367e+02 1.659910659601415546e+02 1.669350024000204371e+02 1.673531118434540019e+02 1.674786606837242573e+02 1.668382529318520255e+02 1.662647475103998431e+02 1.652913537457096140e+02 1.646588372876417168e+02 1.641149395414936691e+02 1.638291902017002144e+02 1.636997716059910601e+02 1.634347425945188945e+02 1.633497661402748236e+02
4.449999996100000743e+00 1.000000977999997431e-01 1.350371264694477622e-14 1.709988871778306248e+02 1.712713904612450335e+02 1.714672030633768429e+02 1.722070483460440187e+02 1.730535631801552370e+02 1.740235023394874361e+02 1.748828468107772096e+02 1.752311854327486174e+02 1.753434006459583259e+02 1.747163583833783207e+02 1.741830262394877593e+02 1.732218171682905847e+02 1.725930084212301097e+02 1.720243167443821619e+02 1.717031917029689225e+02 1.715513356804154910e+02 1.712903032187334418e+02 1.712684759045259852e+02
4.550000068500001049e+00 1.000000470000017572e-01 1.234361767321162434e-14 2.030569130305015619e+02 2.033062333007046050e+02 2.034849167011275313e+02 2.043378718986040781e+02 2.053470395658013956e+02 2.065288517728051261e+02 2.075952657815186910e+02 2.080553452745353127e+02 2.082235141069302244e+02 2.075042844247829237e+02 2.068987043705979545e+02 2.057891824163775709e+02 2.050760038066113964e+02 2.044300080647934976e+02 2.040672643957477987e+02 2.038860262952451308e+02 2.035458427036352589e+02 2.034576610146227154e+02
4.650000017800001828e+00 9.999985159999891238e-02 1.152862089146680777e-14 1.803216890726760084e+02 1.807878973696236073e+02 1.811253627909153749e+02 1.819657855306002148e+02 1.828386799404527494e+02 1.837726832570946556e+02 1.845553423449311481e+02 1.848105192596636641e+02 1.848693848487929756e+02 1.842009282894557032e+02 1.836316286723319990e+02 1.825905902154407556e+02 1.818757810250915270e+02 1.812042993765993231e+02 1.807910570517856002e+02 1.805860986226426519e+02 1.803324073931025566e+02 1.804225312189583121e+02
4.750000010200000844e+00 1.000001332000008958e-01 1.077822583787979903e-14 1.701463382153226576e+02 1.707855543545988724e+02 1.712485263553263621e+02 1.721083202862625399e+02 1.729128577676930831e+02 1.736994941386655000e+02 1.743027723912253748e+02 1.744183455437093642e+02 1.744044028439538749e+02 1.737581991565586179e+02 1.732031157085783377e+02 1.721801945433543892e+02 1.714417223749045149e+02 1.707283953029961197e+02 1.702606455331041104e+02 1.700243135386306221e+02 1.698163217250322532e+02 1.700338860503650835e+02
4.850000070250001016e+00 9.999998689999944901e-02 1.001344267108977030e-14 1.622207975642234032e+02 1.630396998699950473e+02 1.636363656328050808e+02 1.645279607230261831e+02 1.652724187084209575e+02 1.659193710803740487e+02 1.663543241009086273e+02 1.663436036771748547e+02 1.662722686835847696e+02 1.656546028906106471e+02 1.651226485426091131e+02 1.641172233006801662e+02 1.633487288547133574e+02 1.625753300708482243e+02 1.620297343680207405e+02 1.617412869062093819e+02 1.615635663669878852e+02 1.619017743033565466e+02
4.950000031850001037e+00 9.999993629999881506e-02 9.277640695760904161e-15 1.582358066614092706e+02 1.592277993908929261e+02 1.599533730981211477e+02 1.608939165717936817e+02 1.616096011615320265e+02 1.621573671368450391e+02 1.624576192968656585e+02 1.623309607247994109e+02 1.621948994595840929e+02 1.615729146072795004e+02 1.610300660591350379e+02 1.600034185299217881e+02 1.591857045494865304e+02 1.583491672655314062e+02 1.577379678138883037e+02 1.574122993286886754e+02 1.572682601605569062e+02 1.577254547048262339e+02
5.050000017849999523e+00 1.000000356999999340e-01 8.583842163904391983e-15 1.494747942935977960e+02 1.507293162303140832e+02 1.516622700960737120e+02 1.527018562214043129e+02 1.534175751016830986e+02 1.538610725977489437e+02 1.539843668794923701e+02 1.536814266711264736e+02 1.534144979933284674e+02 1.527374888797316714e+02 1.521081786478640367e+02 1.509909891876421852e+02 1.500613983715987558e+02 1.491264184961976582e+02 1.484367940539318624e+02 1.480812144435533924e+02 1.480114076480906249e+02 1.486615003579428844e+02
5.150000049049999973e+00 1.000000267000009657e-01 8.015946545373260832e-15 1.382576257588906401e+02 1.397483214489028001e+02 1.408706473530783683e+02 1.419946207551058137e+02 1.427098398608365244e+02 1.430586365366576160e+02 1.430137377172184188e+02 1.425360419156034197e+02 1.421225834523994536e+02 1.413706599629016694e+02 1.406338036136168057e+02 1.394217752611064896e+02 1.383861497638144158e+02 1.373770048271350390e+02 1.366446560698736619e+02 1.362922325219159916e+02 1.363177247171878150e+02 1.371574750775874350e+02
5.249999964950001541e+00 9.999980510000217038e-02 7.544065081657799508e-15 1.242397961069045778e+02 1.260310848962355976e+02 1.273991670891229688e+02 1.286544220738736044e+02 1.294068134182525682e+02 1.296711193484208593e+02 1.294321295473395708e+02 1.287287539747817675e+02 1.281059801161083271e+02 1.272214406130352984e+02 1.262958189765391523e+02 1.249150599064563352e+02 1.237210936159835910e+02 1.226192959053342264e+02 1.218480875656223077e+02 1.215171565833193199e+02 1.216765023815600841e+02 1.227670555159761534e+02
5.349999863550003454e+00 9.999999210000076744e-02 7.080673639950620536e-15 1.327655693797015033e+02 1.346509855430962546e+02 1.360761250994432885e+02 1.373807902750113783e+02 1.381585894234805778e+02 1.384287554238459279e+02 1.381715367314729122e+02 1.374261817221921831e+02 1.367731371204803565e+02 1.358431293499949959e+02 1.348687824487710998e+02 1.334078894193344524e+02 1.321483506111059114e+02 1.309930552218297635e+02 1.301943958611906282e+02 1.298615370972740379e+02 1.300428506148667225e+02 1.312070132379332961e+02
5.449999957300001974e+00 1.000001953999962723e-01 6.574255019120580791e-15 1.191616089384049531e+02 1.214783270162404847e+02 1.232533989280867814e+02 1.247881172055034682e+02 1.257107439038403953e+02 1.259879714089922089e+02 1.255600543816791230e+02 1.245328268994983461e+02 1.235597461709919713e+02 1.223417810023434811e+02 1.209613325145169114e+02 1.191015950276349713e+02 1.175022727308174950e+02 1.161696392261800668e+02 1.153424045641921936e+02 1.150940378430547781e+02 1.155087167235626566e+02 1.170659832266436808e+02
5.550000005100000244e+00 9.999990020000026902e-02 6.165054779824260121e-15 1.200328794452547641e+02 1.226181688524864200e+02 1.246058294155901223e+02 1.263062121724345417e+02 1.273506703989365718e+02 1.276821272034241446e+02 1.272077316013322275e+02 1.260516697032146425e+02 1.249203541111604920e+02 1.235216981809207937e+02 1.218881431446296517e+02 1.197450111386108063e+02 1.179008877485732967e+02 1.164146460030880093e+02 1.155344487762587846e+02 1.153135884418054502e+02 1.158456710152228339e+02 1.176334939609740644e+02
5.649999920600000891e+00 9.999993080000191270e-02 5.876676593661604876e-15 1.204680632172802461e+02 1.232806928944263234e+02 1.254134631983964709e+02 1.271915390233667296e+02 1.282642962435408833e+02 1.285658955621289579e+02 1.279855141503242635e+02 1.266768254514085044e+02 1.254049279702734765e+02 1.238847413828242452e+02 1.220784543143575576e+02 1.197373155886238436e+02 1.177261095566450848e+02 1.161512554084175548e+02 1.152662548527634243e+02 1.151034065180587334e+02 1.157660231963533448e+02 1.177814348706810250e+02
5.749999995200002267e+00 1.000002183999999517e-01 5.536953112197826834e-15 1.238569720799042955e+02 1.269667236303851894e+02 1.293284933389849414e+02 1.312916910727572599e+02 1.325151074669408047e+02 1.329133732730511213e+02 1.323301224775239575e+02 1.309246252262489634e+02 1.295138455340886026e+02 1.278009128507199961e+02 1.257004691015516471e+02 1.230047724946057031e+02 1.206732379748446959e+02 1.188826642707803245e+02 1.179112138215339343e+02 1.177677286087954514e+02 1.185584365589222529e+02 1.208354069269505970e+02
5.849999972550003591e+00 9.999973630000269509e-02 5.255081747961382133e-15 1.272339981211210471e+02 1.305921486489189647e+02 1.331113136691542422e+02 1.351693457373835656e+02 1.364442878584938796e+02 1.368445383495027272e+02 1.361853831445872913e+02 1.346441139967205913e+02 1.330977315458248142e+02 1.312430781597916507e+02 1.289351165446850587e+02 1.259880319489755038e+02 1.234389873051558624e+02 1.215217070627957838e+02 1.205296186681327413e+02 1.204459446736891977e+02 1.213785653052570552e+02 1.239060935846333820e+02
5.949999860350003722e+00 1.000000392999975674e-01 5.002453643267276487e-15 1.370952017206471680e+02 1.404978421763703125e+02 1.430548119363556623e+02 1.451564133390107543e+02 1.464344290336869108e+02 1.468067371881914482e+02 1.461130696285019894e+02 1.445342821858372417e+02 1.429741043709919950e+02 1.411080419501422796e+02 1.388387305011984267e+02 1.359238617104226705e+02 1.334137224011812179e+02 1.314963392147236050e+02 1.304750025829875710e+02 1.303575384611769721e+02 1.312553040420463049e+02 1.337733199917211380e+02
6.049999869850003265e+00 9.999997970000062963e-02 4.697290070660030689e-15 1.491448413884337754e+02 1.526080546275156564e+02 1.551974102370525941e+02 1.573300710503696962e+02 1.585953702677976196e+02 1.589259267618166973e+02 1.581860583297352036e+02 1.565646470419333127e+02 1.550050618348219302e+02 1.531470693460227608e+02 1.509281492680047165e+02 1.480379929395616330e+02 1.455546732027219434e+02 1.436242786367835151e+02 1.425648759479163346e+02 1.424084325244994602e+02 1.432734607704298639e+02 1.458034283184128128e+02
6.149999979450002208e+00 1.000002394999981448e-01 4.474700045142020906e-15 1.590642966336059771e+02 1.626141366474879248e+02 1.652370232104378545e+02 1.673793061523030588e+02 1.685995341098510778e+02 1.688456660737325024e+02 1.680137217101393219e+02 1.663145714909553305e+02 1.647352596490935071e+02 1.628874162651585209e+02 1.607100874281565552e+02 1.578354615768473082e+02 1.553729696728794920e+02 1.534365641586683466e+02 1.523549406085067233e+02 1.521842655991631545e+02 1.530556507591048216e+02 1.556460958174587290e+02
6.250000024400000243e+00 9.999985039999881309e-02 4.280363509562265184e-15 1.856397052082505184e+02 1.890003768879651318e+02 1.915258011362269315e+02 1.936982353182572467e+02 1.949653343515334996e+02 1.953166728785303405e+02 1.946868966166438497e+02 1.932171093750603461e+02 1.918681737422301978e+02 1.901508995477265103e+02 1.882249093351578608e+02 1.855572045226864191e+02 1.832564104826812468e+02 1.813097194740142015e+02 1.800943366487083495e+02 1.797338774415910336e+02 1.803369620503490012e+02 1.826144341259488897e+02
6.349999974800000224e+00 1.000000504000002621e-01 4.028317107822997597e-15 1.870146214478062348e+02 1.905615246269535135e+02 1.931848069130727765e+02 1.953830013662492888e+02 1.966183878054326328e+02 1.968761661808982524e+02 1.960834204619217473e+02 1.944198708788239003e+02 1.929150477509236623e+02 1.910927542432642099e+02 1.890510258745490546e+02 1.862678650549322299e+02 1.838939016736552503e+02 1.819428852623640864e+02 1.807843429813993339e+02 1.805161879738699895e+02 1.812548670881606654e+02 1.837401664095653189e+02
6.450000081250002459e+00 1.000001625000042083e-01 3.660786955160471493e-15 1.753438788194999063e+02 1.801610525670635070e+02 1.837220906810060228e+02 1.865800370934865953e+02 1.883735162170700903e+02 1.889888473365320181e+02 1.880946461245455339e+02 1.859014829578209458e+02 1.836345503068104961e+02 1.808793618603750701e+02 1.774001131893802778e+02 1.729977389208391685e+02 1.691857880476875948e+02 1.664073730323368636e+02 1.651002510666901060e+02 1.651649140378710001e+02 1.666962791507708062e+02 1.704703057971355520e+02
6.550000114250002170e+00 9.999990349999610117e-02 3.347381918701667106e-15 1.896492094913415372e+02 1.945745423867377610e+02 1.982622233620898839e+02 2.012974169202892369e+02 2.032390099202613385e+02 2.039569870661999289e+02 2.031262121994717518e+02 2.009533813056691258e+02 1.986962274234753636e+02 1.958880063073036979e+02 1.923539555090746376e+02 1.878500883406202320e+02 1.839495909053483729e+02 1.810478967558961187e+02 1.795991625059824912e+02 1.795395893685686133e+02 1.809828550189670011e+02 1.847505378847276347e+02
6.650000063150001139e+00 9.999999430000006129e-02 3.103759814899495378e-15 2.050551501671641859e+02 2.101963067691256981e+02 2.141078640996857700e+02 2.174075389477060583e+02 2.195902293888762529e+02 2.205136705033095552e+02 2.198293758696363795e+02 2.177123621040835530e+02 2.154427169238742295e+02 2.124913699120264141e+02 2.087542902447518429e+02 2.039615397808132684e+02 1.997807032909890665e+02 1.966089389189044994e+02 1.949498080184852427e+02 1.947663204680580407e+02 1.961730881584851147e+02 2.000251787579221912e+02
6.750000111750003029e+00 1.000001029000037178e-01 2.865681166525173658e-15 2.242890659759787866e+02 2.293907109267677527e+02 2.331507932892195072e+02 2.362345547209933443e+02 2.380847403713716517e+02 2.386131227112103375e+02 2.375649151068479057e+02 2.351856884765028042e+02 2.328711924172823444e+02 2.300643844506039102e+02 2.266826638526376883e+02 2.222860111099932112e+02 2.185234905145921971e+02 2.156636098685576428e+02 2.141862451512662631e+02 2.140785324258215212e+02 2.154726050478179218e+02 2.193090970365651913e+02
6.849999991900004304e+00 9.999965740000060777e-02 2.764431591629071475e-15 2.335088122045771968e+02 2.387723116227117828e+02 2.427044479408160669e+02 2.459829072664733758e+02 2.480191402960853964e+02 2.487115317799327272e+02 2.477623179810122451e+02 2.453800116306879602e+02 2.429773170879522866e+02 2.399840195561958183e+02 2.363863583256853360e+02 2.317451151756849015e+02 2.277720523072383116e+02 2.247532610144249645e+02 2.231968365850247267e+02 2.230762556701584742e+02 2.245000856460547709e+02 2.284219546581751388e+02
6.949999980300003877e+00 1.000003193999976503e-01 2.603145797300359099e-15 2.543244601493741754e+02 2.594046366716253260e+02 2.632038106524639716e+02 2.664241991525738058e+02 2.683695121340310266e+02 2.689798853664781291e+02 2.680485324576598600e+02 2.657776227079762634e+02 2.635804738602932389e+02 2.608045741421800585e+02 2.575760450610512748e+02 2.532870685738830616e+02 2.496154120561887169e+02 2.466960678149436319e+02 2.450559210755413631e+02 2.447596313684698544e+02 2.459327699994630336e+02 2.495732516479368144e+02
7.050000080650001166e+00 9.999988129999692887e-02 2.519389257589512282e-15 2.557714635124081042e+02 2.611124011546975225e+02 2.650966919779896784e+02 2.684502764153922953e+02 2.705145786752856907e+02 2.712141780319182089e+02 2.702742907163027439e+02 2.678897119078123410e+02 2.655210540166112878e+02 2.625215461377462702e+02 2.589751668126467052e+02 2.543299226724225832e+02 2.503526034251513863e+02 2.472688484561996916e+02 2.456241687188499725e+02 2.454265351007232994e+02 2.467812160307768181e+02 2.506978140091108003e+02
7.149999981849999742e+00 9.999992110000111012e-02 2.389968031761321319e-15 2.674115929484385674e+02 2.731309060131804927e+02 2.775150724456856324e+02 2.813014093462657002e+02 2.837803893821033512e+02 2.848318109859590095e+02 2.840888800410228896e+02 2.816868602131787611e+02 2.791153804257236288e+02 2.757137527553432506e+02 2.716585560533501393e+02 2.664457998538466086e+02 2.619703317620579242e+02 2.585191200585032334e+02 2.566872318200213954e+02 2.564556426499102031e+02 2.578979408494087124e+02 2.620400738516251522e+02
7.250000007700000637e+00 1.000001305999997925e-01 2.259063461763062549e-15 2.784161177359639510e+02 2.843456993533154673e+02 2.890119329669039416e+02 2.931671485969582704e+02 2.960356872236505978e+02 2.974593320632089899e+02 2.970187512758389516e+02 2.947942326763709389e+02 2.922600464591357081e+02 2.886863814373868422e+02 2.843354462230682884e+02 2.787223996838132507e+02 2.738394047323038194e+02 2.700009439346296745e+02 2.678577636223667469e+02 2.674207437097617230e+02 2.687697425175991839e+02 2.729480113013834170e+02
7.349999903300004966e+00 9.999966060000886614e-02 2.158737443121118426e-15 2.837421229581001398e+02 2.904641190481408444e+02 2.958621892023207920e+02 3.007158173662298282e+02 3.042697868272007327e+02 3.062904084577154435e+02 3.061724808891443672e+02 3.039201604554208984e+02 3.010489003724702570e+02 2.968036580482164482e+02 2.914246779380447947e+02 2.846059143135497607e+02 2.786003815752943069e+02 2.739626380795583600e+02 2.714470361782101122e+02 2.709955100080919692e+02 2.726524528178741775e+02 2.774618029817355023e+02
7.449999960550007572e+00 1.000004538999954562e-01 2.071297114136873441e-15 2.888441726793587350e+02 2.961187972536267239e+02 3.019462934022432705e+02 3.071320265882135914e+02 3.109543307950097528e+02 3.131506465069999763e+02 3.130076201745291655e+02 3.105150809018574023e+02 3.072822067109823934e+02 3.025763610370820516e+02 2.965885559531838567e+02 2.890969626115667097e+02 2.825134252365859879e+02 2.775358255372970575e+02 2.749630022818915904e+02 2.746568304651783023e+02 2.766268169445875742e+02 2.819438932765496020e+02
7.550000017750003067e+00 9.999966049999731155e-02 1.963879549196719463e-15 3.174228254447691029e+02 3.236587899018218195e+02 3.285752725800323333e+02 3.330250298348763636e+02 3.361232309376673584e+02 3.377293407035703012e+02 3.373939761482170638e+02 3.351394360190370776e+02 3.325282876532108389e+02 3.287168726469894864e+02 3.241396802712355338e+02 3.181850036409018117e+02 3.130168213652992790e+02 3.089103681687816447e+02 3.065940965043865845e+02 3.060917204764207895e+02 3.074456828807410034e+02 3.117833123931563932e+02
7.649999920150001742e+00 1.000001442999982615e-01 1.867747166649252706e-15 3.144417021719676768e+02 3.222198630783686895e+02 3.288258385675458726e+02 3.351000858372145785e+02 3.401401659222553349e+02 3.435596522579988346e+02 3.444680703107410409e+02 3.426457500623423584e+02 3.395772872370012578e+02 3.343473976558670415e+02 3.274257434470330850e+02 3.187039978179017794e+02 3.108713673461285225e+02 3.047269107175545741e+02 3.012332215613552080e+02 3.003336563357558475e+02 3.020266144889788507e+02 3.073726972900010992e+02
7.749999941550001381e+00 9.999989850000101654e-02 1.793711133870519117e-15 3.225958139613824756e+02 3.310964331262857172e+02 3.382208737131064709e+02 3.448227144154516282e+02 3.500452390283742261e+02 3.534829587278305780e+02 3.541246679714983543e+02 3.517637886826368572e+02 3.480609312684362635e+02 3.421822503946646066e+02 3.345519676865278598e+02 3.251287179340855573e+02 3.167619755037583218e+02 3.104004562291577827e+02 3.070358779413560342e+02 3.064774926265220074e+02 3.086634713231774185e+02 3.147060062609831448e+02
7.849999898000001863e+00 1.000000143999999480e-01 1.717235923365322253e-15 3.462234934267921176e+02 3.531784887972304432e+02 3.586885676191100742e+02 3.636859698138110275e+02 3.672291516755018392e+02 3.691483182295251595e+02 3.688848497186544364e+02 3.664218000806760074e+02 3.634571839668398638e+02 3.590824297424447309e+02 3.537964543358169749e+02 3.469910266164758923e+02 3.410838183521933615e+02 3.364485427934006339e+02 3.339018476315285966e+02 3.334237619413864309e+02 3.350232256599900893e+02 3.399082543714763460e+02
7.949999952600000697e+00 1.000000947999986067e-01 1.636435912376984408e-15 3.725181347031077053e+02 3.789386863353604440e+02 3.839272080134827547e+02 3.884879214114217802e+02 3.915813305121625945e+02 3.931319346745573853e+02 3.927464489859382297e+02 3.904282510098892658e+02 3.878761740456559437e+02 3.840639109738542061e+02 3.796195131601157300e+02 3.736609676292480344e+02 3.685128739221087244e+02 3.643067614452848488e+02 3.618475595893501122e+02 3.612256252258797531e+02 3.624728551182577689e+02 3.668580393446827657e+02
8.050000004050000157e+00 1.000000081000003149e-01 1.548342527152782251e-15 3.830146837765265104e+02 3.899042268176842754e+02 3.953122923388349363e+02 4.002693165720887123e+02 4.037194831474058105e+02 4.055500170717345441e+02 4.052720649359003460e+02 4.028542319493732862e+02 4.000570987418866480e+02 3.958366720270170731e+02 3.908461435408688089e+02 3.842605284766872273e+02 3.785568779530474330e+02 3.739652103103926493e+02 3.713427144471941119e+02 3.707376380663692430e+02 3.721580423891750229e+02 3.769015599794923901e+02
8.149999987650000222e+00 9.999995909999981336e-02 1.470022940234707848e-15 4.154459880856919654e+02 4.219646900731970049e+02 4.269670875007553832e+02 4.315826621391480558e+02 4.346914656598797251e+02 4.362690009193074729e+02 4.359013238174928233e+02 4.335292987215983658e+02 4.309477253624623359e+02 4.270132322294830374e+02 4.225557960429940181e+02 4.165107591928065176e+02 4.113400870663608089e+02 4.071041971246224307e+02 4.046644706516555061e+02 4.040915046009157550e+02 4.053509242165466731e+02 4.097995234027608831e+02
8.249999904750001889e+00 9.999987510000174495e-02 1.420649682367507240e-15 4.612797573846365253e+02 4.670852532561213479e+02 4.714042786120839423e+02 4.755057789448374592e+02 4.781410948906910221e+02 4.794093654495403030e+02 4.790420908188933140e+02 4.769294990003728003e+02 4.748640414180538301e+02 4.715310252354389036e+02 4.680309893416380191e+02 4.629304132028238996e+02 4.586343852700904904e+02 4.549071120228853715e+02 4.526151546196009576e+02 4.519194292933453312e+02 4.527497800470511606e+02 4.565436959973750390e+02
8.349999887550001887e+00 1.000000904999982509e-01 1.340886246002590607e-15 4.897744418294276443e+02 4.952429264323050120e+02 4.992460612292154565e+02 5.031131640511309797e+02 5.054776392501066766e+02 5.065130825331441429e+02 5.060854751218426486e+02 5.040955023379580098e+02 5.023522571264096541e+02 4.994227946635080002e+02 4.965527749949124541e+02 4.920594184523934018e+02 4.882968451173123299e+02 4.848187108882942198e+02 4.825033163970801411e+02 4.816208033539459734e+02 4.821267254135394182e+02 4.855291337671699807e+02
8.449999923900000098e+00 9.999998219999994831e-02 1.290102527188355902e-15 5.439884319499550429e+02 5.487666534586808211e+02 5.520968277261799813e+02 5.555183555131676485e+02 5.575583004542629624e+02 5.584926608003485171e+02 5.582315457397705813e+02 5.565488390644835590e+02 5.552502928023761797e+02 5.527145650805587138e+02 5.505222119451184426e+02 5.466700653057042700e+02 5.435638198241671262e+02 5.405178849309917268e+02 5.384216910446577913e+02 5.375508769201693440e+02 5.377528650547740199e+02 5.406060854671649167e+02
8.549999948900000035e+00 1.000000677999999255e-01 1.236588982107130338e-15 5.939700466796662113e+02 5.985053082421881072e+02 6.016142156340413294e+02 6.050095568851966163e+02 6.071048338642237923e+02 6.082249118413978977e+02 6.082473446120197877e+02 6.068077606801574575e+02 6.057345070577781598e+02 6.032415632873842242e+02 6.012140427678230026e+02 5.974334547171372378e+02 5.944435619937944466e+02 5.914280199197017964e+02 5.893281339705982873e+02 5.884098331129007420e+02 5.884222122099986336e+02 5.910184901038792304e+02
8.649999943550000125e+00 9.999992150000025504e-02 1.188493253396945417e-15 5.726812160453714569e+02 5.779391660243915112e+02 5.816020638314272446e+02 5.852655542589245670e+02 5.873482118168153647e+02 5.881568016333321793e+02 5.876734114358066563e+02 5.857377102369160866e+02 5.843109558020252052e+02 5.816911334422792379e+02 5.794485321094683741e+02 5.754288267789411293e+02 5.721542975646841569e+02 5.688803465396830461e+02 5.665598248823943095e+02 5.655522373446569873e+02 5.657604788747071325e+02 5.688872161035737918e+02
8.750000092950005026e+00 1.000003773000095464e-01 1.148059296538428936e-15 6.232852698217398029e+02 6.281481162403858889e+02 6.314631885175662092e+02 6.350055858715146542e+02 6.370734878962001630e+02 6.380341427998821473e+02 6.378601473084751206e+02 6.362464635014523537e+02 6.351496805465700390e+02 6.326895202054638503e+02 6.307625072716314207e+02 6.269723860536621487e+02 6.239512469667954520e+02 6.207889289672397126e+02 6.184835219880073964e+02 6.174015580200300519e+02 6.173475135412489863e+02 6.200898621985993486e+02
8.850000163050005142e+00 9.999976289999068513e-02 1.095167929801276060e-15 6.875560115392141824e+02 6.921071446148350788e+02 6.951956378122425804e+02 6.988234930252988306e+02 7.011166339398184846e+02 7.024700308851645332e+02 7.027847223983350204e+02 7.015541358578808513e+02 7.007516732132162360e+02 6.982878829429497500e+02 6.964757433627742103e+02 6.926740464217292583e+02 6.897158526327591517e+02 6.865214603910462756e+02 6.841477175119622416e+02 6.829452106020575002e+02 6.825903635611714435e+02 6.849509512305286307e+02
8.950000067250000413e+00 1.000000454999998567e-01 1.055072071250063135e-15 6.196158608381123258e+02 6.252569071164872412e+02 6.291800047973270011e+02 6.330870458973612358e+02 6.352309833628746674e+02 6.359713873091664027e+02 6.353720306755800493e+02 6.332945373687941810e+02 6.318498074602021006e+02 6.291872678222383684e+02 6.269915210299778892e+02 6.228686056020397928e+02 6.194908814825798800e+02 6.159899518150368749e+02 6.134062410003242576e+02 6.122044592766721962e+02 6.123188919074685828e+02 6.155960603466486418e+02
9.050000040449999616e+00 9.999990089999855059e-02 1.015310567135610378e-15 6.713074605715135021e+02 6.765830367951747348e+02 6.802173099854708198e+02 6.840928258216192717e+02 6.863346640494768280e+02 6.873481645044171273e+02 6.871591330211282411e+02 6.854620078205573463e+02 6.843563472282203293e+02 6.818044379813520663e+02 6.798382599733140523e+02 6.758381509746502616e+02 6.726074758280473134e+02 6.691284257880913628e+02 6.664963642465719431e+02 6.651768056177177186e+02 6.650005463810324500e+02 6.678837059811950212e+02
9.150000087450001374e+00 1.000001931000049638e-01 9.792110976691418260e-16 6.854564520197170623e+02 6.910202389708230157e+02 6.948987552868366038e+02 6.989877921910232317e+02 7.013345270699103366e+02 7.023497790118192370e+02 7.020997634427014873e+02 7.003071778572032144e+02 6.991403025577855033e+02 6.965224281220406510e+02 6.944908153302700384e+02 6.903553291742064175e+02 6.869783678493266734e+02 6.833076183149826193e+02 6.804796970883440963e+02 6.790243629986848646e+02 6.788096927428318850e+02 6.818136467469423678e+02
9.250000166400003110e+00 9.999996479999850862e-02 9.360720827789367423e-16 7.015537562769791293e+02 7.072547023756624185e+02 7.112230132912154659e+02 7.154125665200414232e+02 7.178167819156010410e+02 7.188418709569033354e+02 7.185562648179347889e+02 7.166856903527591385e+02 7.154612591845381075e+02 7.127664604835391629e+02 7.106694179220557999e+02 7.064278750867109693e+02 7.029859390008064111e+02 6.992574997579455385e+02 6.963884574948698400e+02 6.949169330921399705e+02 6.947116926487084356e+02 6.978029839270111552e+02
9.350000018000002910e+00 9.999973839999931613e-02 9.074196192721349348e-16 6.991649945448859853e+02 7.052001156670180535e+02 7.094481033469104432e+02 7.138179209604836615e+02 7.162886901492507832e+02 7.172680638094986989e+02 7.168510284443084402e+02 7.148193860190505120e+02 7.134521661519324880e+02 7.106437444545809967e+02 7.083978885632595848e+02 7.039792006243039850e+02 7.003419729997859804e+02 6.964310951583335054e+02 6.934239408111556031e+02 6.918963305739151792e+02 6.917640181318953410e+02 6.950769458761956230e+02
9.449999848600002750e+00 9.999992280000213896e-02 8.675687767981412207e-16 7.432879138002085710e+02 7.486450130510185090e+02 7.523072202615430797e+02 7.563976361677215436e+02 7.588423734902462456e+02 7.600756883298469120e+02 7.600874404182263788e+02 7.584532498135966989e+02 7.574035835514465589e+02 7.546871678098934808e+02 7.526768803076397489e+02 7.484853980699296017e+02 7.451830926882701078e+02 7.415877481756142515e+02 7.388621436441259220e+02 7.374736429290916249e+02 7.371667572423444881e+02 7.400118610573408660e+02
9.549999751400006787e+00 9.999988280000593477e-02 8.398536475597532196e-16 7.993544636273014703e+02 8.048964315493547019e+02 8.087625582684804613e+02 8.132173942920571790e+02 8.159911930758427161e+02 8.175570880857608245e+02 8.179095221484172953e+02 8.165161325933415810e+02 8.156724108551746895e+02 8.129276570680549412e+02 8.109163074974266010e+02 8.065030308406242057e+02 8.029509958431480072e+02 7.989562027747219872e+02 7.958081771724257578e+02 7.940699302587537431e+02 7.934612663441505447e+02 7.961830273696944005e+02
9.650000011300011948e+00 1.000006370000026124e-01 8.002195709890957857e-16 7.658699987863324168e+02 7.716952657188876401e+02 7.757130592060082108e+02 7.800740014718464863e+02 7.826021038821734237e+02 7.837529698530640871e+02 7.835854315685443225e+02 7.817390963329708029e+02 7.805702485381171982e+02 7.777595356056424407e+02 7.756681551667638814e+02 7.712901121814336420e+02 7.677886906617288787e+02 7.639362190820924070e+02 7.609578922490278501e+02 7.594105839391182826e+02 7.591003220850129765e+02 7.621981179586582584e+02
9.749999988500011483e+00 9.999931740000000957e-02 7.709570290353676231e-16 8.850077590665501930e+02 8.899752895317292314e+02 8.933721773791581882e+02 8.978415118924452827e+02 9.009484103675204096e+02 9.031636024200668089e+02 9.042654377792177911e+02 9.033848940477524820e+02 9.028306093806586432e+02 8.998969859794882495e+02 8.978141190291381690e+02 8.932151309348491850e+02 8.897075316253583424e+02 8.858185743426300860e+02 8.828627921545755726e+02 8.812422305991941585e+02 8.804162285254562903e+02 8.826868455594773195e+02
9.849999873100006909e+00 1.000004517999890652e-01 7.416065220312214480e-16 8.156837164804493341e+02 8.207503105927939941e+02 8.241103592182190596e+02 8.281548900318806545e+02 8.306721816424384315e+02 8.321520959471098422e+02 8.324991440617404805e+02 8.310980348063459360e+02 8.302412417394428985e+02 8.274456501488124331e+02 8.255242685765739452e+02 8.213205317284509874e+02 8.181377714373031722e+02 8.146359842824804218e+02 8.120310218924482797e+02 8.107200917987954654e+02 8.102878794626113859e+02 8.129099951745494081e+02
9.950000049500001609e+00 9.999990099999855886e-02 7.128639164058106745e-16 1.002269871705173841e+03 1.006305487540561217e+03 1.008928551659304048e+03 1.013297421777615909e+03 1.016758907547708191e+03 1.019807516056980148e+03 1.021950965743342522e+03 1.021846654373711772e+03 1.021779374745241398e+03 1.018682222389368803e+03 1.016633892054166495e+03 1.011927251986961437e+03 1.008604730403704025e+03 1.004940832308677500e+03 1.002289491242866234e+03 1.000845923685240450e+03 9.997001746210754618e+02 1.001262649603471459e+03
1.500000000000000000e+01 1.000000000000000000e+01 2.088837912216043718e-16 9.441006333283027061e+02 9.503305853701745036e+02 9.542964633750632402e+02 9.587583121299213644e+02 9.612157130178709394e+02 9.622821651911565368e+02 9.619347888365113022e+02 9.596575579344730613e+02 9.582876255977441815e+02 9.549646356721872280e+02 9.527737003859728020e+02 9.480240153353280448e+02 9.445268508397202822e+02 9.407417627428020523e+02 9.380351864977175183e+02 9.368393252024227422e+02 9.367404926436073538e+02 9.403130949440417226e+02
1.712903225806451530e+02 3.025806451612903061e+02 1.083882704051282035e-18 3.563470368019263788e+02 3.595811456782117830e+02 3.614907490248817226e+02 3.632090959977032298e+02 3.639564227634255076e+02 3.639686089199424828e+02 3.631658427065672754e+02 3.615082686456952956e+02 3.603250897936625279e+02 3.585619430942214194e+02 3.570560335187361716e+02 3.545301842067520965e+02 3.526526253649828391e+02 3.510773124713356310e+02 3.503202697451312702e+02 3.503944657815514461e+02 3.511542705130808031e+02 3.536373154369801455e+02
