6.500000010000002160e-01 1.000000260000001306e-01 2.155118092546379426e-13 1.422119160379131936e-11 2.267944822050376935e-11 1.246340229831882934e-10 9.654683598078137984e-10 3.678601870541679173e-09 8.129781200536944848e-09 1.264358651531522205e-08 1.583798186203066797e-08 1.713627614018856581e-08 1.636874912393836237e-08 1.363182028342471322e-08 9.346924526803659482e-09 4.688564190971794987e-09 1.453442724768315332e-09 2.247541106579791706e-10 1.215441414464491357e-11 3.681881053129689404e-12 8.958546489084876865e-12
7.500000070000001351e-01 9.999998599999970761e-02 4.352987752938520481e-13 4.007992288427876965e-10 6.904383605598981671e-10 3.509484530458960211e-09 2.250854310791876034e-08 7.847304068158835788e-08 1.682684478451394732e-07 2.603023323484470773e-07 3.262668339758213114e-07 3.533644581506878568e-07 3.378856885241490091e-07 2.818343829039728746e-07 1.944023753673285759e-07 1.001258803242979268e-07 3.345302789928508018e-08 6.041163030324844069e-09 4.347802695207518554e-10 1.028766501045174784e-10 2.442824990035267720e-10
8.500000045000000171e-01 1.000000089999999453e-01 5.664623450356000605e-13 7.158495272156870825e-09 1.282575406431273792e-08 5.714444102223016496e-08 3.101224041759083207e-07 1.001353978330841944e-06 2.088283943983376312e-06 3.210308013020314971e-06 4.023047804042898450e-06 4.359399122669158700e-06 4.170957910405668176e-06 3.483054509838637788e-06 2.415241734369101976e-06 1.271666899708138952e-06 4.503692190018680796e-07 9.122682343726958221e-08 8.053093419029429992e-09 1.834288939600479740e-09 4.244708776193029713e-09
9.500000044999999949e-01 9.999999100000001029e-02 6.048656935338738867e-13 7.315981014245181761e-08 1.439532194277396929e-07 6.541242245280027589e-07 3.194922929178668215e-06 9.679733515555912350e-06 1.970683886312903275e-05 3.019080569365350462e-05 3.795888877881845047e-05 4.129614097959280591e-05 3.967006911692089768e-05 3.330783260100219278e-05 2.338492038074858586e-05 1.275096637278254490e-05 4.908424375063558279e-06 1.183667437907167341e-06 1.499398304790752142e-07 2.370025675159320487e-08 4.217339815028264782e-08
1.049999999449999999e+00 9.999999889999999780e-02 5.870947286854918867e-13 6.693361070122051061e-07 1.187063561296869898e-06 3.822109009076334790e-06 1.528613864856257014e-05 4.299407006502908445e-05 8.490629056086936770e-05 1.283409372455662399e-04 1.601467507813297733e-04 1.732314590852864779e-04 1.655319719562093760e-04 1.381799507217803201e-04 9.642188348960533100e-05 5.232390101966381395e-05 2.000251956559144335e-05 4.658547500272174866e-06 5.160637674703539908e-07 1.623131214084165177e-07 3.839415441603447379e-07
1.150000001850000064e+00 1.000000058999999109e-01 5.516188505353799982e-13 2.982856915730432876e-06 5.942041856791249295e-06 2.087822302940041774e-05 7.827002676273434338e-05 2.074521192470837026e-04 3.989261847422931545e-04 6.000601840223264817e-04 7.520546397729026711e-04 8.185541998064165123e-04 7.872333146655655523e-04 6.629641202228805236e-04 4.714253627476340481e-04 2.679995934154901340e-04 1.134799269858551577e-04 3.258666683563540530e-05 5.539292925248087601e-06 1.060369145585060090e-06 1.667542181523959479e-06
1.250000001749999923e+00 9.999999390000002819e-02 5.155032636623057289e-13 1.501722419840619199e-05 2.456250399383713226e-05 5.582891262529907084e-05 1.619298960626145171e-04 3.916273181567543290e-04 7.248878579016831926e-04 1.068084219886178887e-03 1.320235228753525569e-03 1.421849311708557823e-03 1.354456524478228618e-03 1.128678909031825437e-03 7.914496889512076657e-04 4.403283214451380614e-04 1.792244337715939381e-04 4.730258633840718426e-05 7.043344988883203907e-06 3.715939330377046147e-06 8.643263819373087569e-06
1.350000003549999938e+00 1.000000097000000032e-01 4.468734994634523998e-13 4.022017511042807482e-05 8.370797047670824886e-05 2.742326619624087291e-04 8.897388087342855386e-04 2.147922960328886317e-03 3.955800975964490415e-03 5.880736319574062648e-03 7.394509455680695065e-03 8.111102136576198510e-03 7.869004464938159776e-03 6.708365648162634663e-03 4.895732242042992281e-03 2.950659235782184583e-03 1.399686814895992944e-03 4.886565799794412822e-04 1.128724567942136737e-04 2.161563256188194261e-05 2.245816051057165881e-05
1.450000000449999993e+00 9.999998410000010551e-02 3.843628115686187105e-13 1.354435316905372574e-04 2.682602973082692951e-04 8.034386168490902135e-04 2.468065471433430243e-03 5.820981216658858634e-03 1.061926917885374667e-02 1.574069869409661093e-02 1.980368867479514669e-02 2.176689626901186225e-02 2.116910162312493973e-02 1.810825297082814186e-02 1.329799946577722367e-02 8.110166057310160340e-03 3.930100940291118145e-03 1.423476107992278222e-03 3.491411885389250017e-04 7.281572490752987717e-05 7.654234922231099479e-05
1.549999996249999956e+00 1.000000075000000432e-01 3.628555734487167187e-13 2.846590301027026519e-04 4.550175552199355088e-04 9.116965818252559771e-04 2.195981427265666051e-03 4.713525981171980128e-03 8.238154109113323548e-03 1.189289651805042029e-02 1.466925170627009396e-02 1.586209088631274772e-02 1.519856307818387257e-02 1.278862624907605577e-02 9.177394688299145287e-03 5.396803766004670648e-03 2.463406139017557030e-03 8.084897472614111869e-04 1.798148087082653218e-04 8.552317025954811957e-05 1.667284179869642886e-04
1.650000005949999959e+00 1.000000118999999632e-01 3.491824979799630083e-13 6.436039388933178802e-04 1.142986246273352754e-03 2.443459088548575412e-03 5.350909726162346447e-03 1.003599727614378108e-02 1.594961225423518689e-02 2.194374472633759884e-02 2.649850308020151174e-02 2.833212395720968030e-02 2.692276996559883964e-02 2.256439463875069620e-02 1.642337184834773145e-02 1.020314305291297741e-02 5.175300219302678313e-03 1.962256615105821642e-03 5.168120263826930794e-04 2.163976308830373619e-04 3.648555582811964754e-04
1.749999998750000119e+00 9.999997370000013319e-02 2.869704739599374185e-13 1.550844813119537854e-03 2.835925385271068078e-03 6.313565272356796119e-03 1.429554848942315298e-02 2.763645810549402934e-02 4.497563986619241422e-02 6.285246717111803161e-02 7.677868645201768594e-02 8.295165927638921410e-02 7.963279819905631773e-02 6.751015362148413135e-02 4.977940194360599979e-02 3.131037220572704949e-02 1.614803001461231208e-02 6.369633947026469810e-03 1.785337501485098795e-03 6.160301249228545542e-04 8.798166859739394970e-04
1.849999991850000081e+00 1.000000124999997908e-01 2.219710997559836794e-13 4.398775320770971151e-03 7.824642295401824238e-03 1.707227164573384831e-02 3.930680724671628545e-02 7.841238608014602929e-02 1.309185291956756203e-01 1.858298932846277618e-01 2.293222308428081446e-01 2.499292622753584436e-01 2.419727357140321056e-01 2.069107069286273137e-01 1.536577229267683253e-01 9.691742396449422314e-02 5.009947761635343694e-02 2.009705016507254416e-02 5.866549609144376849e-03 1.923257745791654393e-03 2.522331963720342296e-03
1.949999999050000099e+00 1.000000019000000240e-01 1.878759087262599914e-13 8.290423339807461572e-03 1.423116292030959275e-02 2.979085309221153610e-02 6.699660198148288393e-02 1.324864927278753268e-01 2.205577110900945603e-01 3.128241783144706800e-01 3.862514873485974332e-01 4.215272288980083104e-01 4.087802862444648855e-01 3.502375044226266332e-01 2.607863494815491068e-01 1.651197872628422936e-01 8.590226261234161498e-02 3.488481123961552355e-02 1.045750069117211759e-02 3.660915730745565450e-03 4.858832658192628433e-03
2.049999991600000016e+00 9.999998320000003105e-02 1.704896926716234454e-13 9.244564357259552057e-03 1.510197845883838423e-02 3.088691449547667153e-02 7.122283828353842550e-02 1.451062909953486080e-01 2.461854689291758658e-01 3.523241919015191459e-01 4.363018135233445727e-01 4.762358010221099947e-01 4.613704925703199233e-01 3.941728842384096820e-01 2.911812521138031906e-01 1.813452690885615504e-01 9.177442459799606267e-02 3.583191551148871834e-02 1.032069449348184398e-02 3.899041346421423890e-03 5.587909986095565724e-03
2.150000002600000126e+00 1.000000388000001905e-01 1.582916525364899436e-13 1.786666408803373046e-02 2.955715528936271944e-02 5.398565906255150398e-02 1.007995985083860319e-01 1.707985822250705499e-01 2.559218549890141525e-01 3.406086721823094465e-01 4.048095063690204110e-01 4.301784561189219702e-01 4.081611097237175523e-01 3.434830955236844452e-01 2.536789924498089599e-01 1.621743618823557886e-01 8.645207332781425225e-02 3.602750761543589697e-02 1.168898992059577008e-02 6.537057237442559302e-03 1.059077535808610783e-02
2.250000007549999737e+00 9.999997109999947398e-02 1.463278584715465038e-13 2.989216522616795768e-02 5.829433856462506308e-02 1.338574474791022484e-01 2.913941968830002782e-01 5.345548938407449491e-01 8.364160356070166058e-01 1.144576656701277839e+00 1.388226709308708617e+00 1.501013793665078255e+00 1.447519390366832637e+00 1.239083152430939361e+00 9.353872925318847953e-01 6.169887444882263816e-01 3.449426362934770451e-01 1.544670095463410164e-01 5.254397916583982558e-02 1.782563789512633945e-02 1.753492255162286337e-02
2.349999986949999897e+00 9.999998770000040338e-02 1.221728999664105110e-13 4.945171728894624114e-02 9.459529123451372590e-02 2.124394690859409129e-01 4.548112607726413348e-01 8.271096854652696395e-01 1.289115000989676130e+00 1.761532667605080649e+00 2.137999345057029821e+00 2.317360262344437594e+00 2.242360411839364520e+00 1.928142536732830425e+00 1.465472407449714298e+00 9.761956268385654223e-01 5.539588298720768966e-01 2.543749481991903205e-01 9.000833912058056607e-02 3.130124396552043387e-02 2.958727119017233106e-02
2.449999990400000272e+00 1.000000191999999011e-01 9.523077846134986441e-14 1.028355075445933631e-01 1.799321207375972620e-01 3.534765497795918088e-01 6.889754008102773053e-01 1.192257784742423388e+00 1.809927382014937081e+00 2.435605987171554077e+00 2.929161972971821459e+00 3.155985860823540712e+00 3.040022034479921142e+00 2.605737281904412228e+00 1.975312441669904828e+00 1.311224679113590419e+00 7.398680030740649727e-01 3.374634246062245824e-01 1.206687385395345258e-01 5.096703013665837556e-02 6.168601152450997605e-02
2.550000015600000225e+00 1.000000312000004499e-01 7.696486986909129835e-14 1.764654420973787441e-01 3.124993714613466533e-01 6.187447850356356804e-01 1.227674958681465256e+00 2.176715837114402863e+00 3.372894703573654951e+00 4.595719887297878614e+00 5.564086565773513016e+00 6.021021632797991963e+00 5.819500733261856240e+00 5.000753700128441892e+00 3.786745487903301566e+00 2.493314396272992006e+00 1.387339214407514731e+00 6.237124912249977227e-01 2.183240337249358620e-01 8.645561439953020066e-02 1.038387175816813668e-01
2.650000016949999981e+00 9.999997149999950707e-02 7.191438556541753605e-14 2.365232492223448835e-01 4.207188306963791091e-01 8.368089819177272348e-01 1.662401072575955485e+00 2.949980525993018965e+00 4.580637605259260781e+00 6.263389844063990353e+00 7.623747190831421605e+00 8.308523043649230999e+00 8.093018086472467232e+00 7.017134078337862846e+00 5.377519608364299764e+00 3.599730362526479599e+00 2.050257975144269107e+00 9.523830317342402152e-01 3.442242967643784346e-01 1.276093923411949493e-01 1.395578436776341857e-01
2.749999990150000073e+00 9.999997490000023248e-02 6.266512532771590528e-14 3.539442956241055649e-01 6.168534904172709998e-01 1.201571730605787591e+00 2.356720298597091645e+00 4.158881465828708102e+00 6.447205043135239677e+00 8.819284529655725180e+00 1.075327190770144981e+01 1.175259451211838169e+01 1.148679177511136729e+01 9.999372196221829157e+00 7.702091435579119683e+00 5.191182388866200093e+00 2.985407981101927177e+00 1.407334204294790281e+00 5.208991404375705736e-01 1.972797171701338725e-01 2.122039683046084702e-01
2.849999972850000063e+00 9.999999050000019096e-02 5.474353573805181617e-14 5.179633435164369137e-01 8.656007144908077766e-01 1.612977535241930438e+00 3.069892985467427504e+00 5.328929786883995767e+00 8.187717827234473944e+00 1.114518021845114859e+01 1.355261177021330887e+01 1.479249957848006858e+01 1.444997480333191753e+01 1.257738376403617764e+01 9.691918291232969551e+00 6.541551960264689214e+00 3.774573671897254901e+00 1.794824909784246803e+00 6.848277334329335719e-01 2.864726056812036403e-01 3.206659050387769549e-01
2.949999999050000543e+00 1.000000619000003255e-01 4.882222156918780427e-14 7.143686111978461151e-01 1.116971465138372199e+00 1.873987886616443221e+00 3.252214041017325474e+00 5.318546533211463867e+00 7.872001195953445496e+00 1.045010318457839738e+01 1.247182139077836815e+01 1.340598928701864523e+01 1.292905431511833214e+01 1.112241416433954910e+01 8.463383526967156456e+00 5.630784259168943429e+00 3.199400656897154693e+00 1.510739493118954169e+00 6.139876988095398502e-01 3.472328152628689768e-01 4.553319438334565983e-01
3.049999991750000916e+00 9.999992349999997643e-02 4.426298603049980901e-14 9.058998411148425633e-01 1.374706272025510767e+00 2.191023892084239311e+00 3.591607905200003614e+00 5.611591532407485872e+00 8.045914412898182988e+00 1.046236267683620902e+01 1.232450193982362663e+01 1.313590953934984817e+01 1.259346091749127261e+01 1.079122983965684490e+01 8.200738235627326844e+00 5.469652780885983390e+00 3.131447011238220668e+00 1.506722527161497016e+00 6.528464761457771770e-01 4.278338510230445535e-01 5.870033100701016471e-01
3.149999976750000208e+00 1.000000464999994954e-01 4.092367406224517573e-14 9.679811285675710142e-01 1.544828727481746045e+00 2.691156198947242562e+00 4.716111127406247050e+00 7.599869056262991585e+00 1.103541756317969202e+01 1.446369517044658259e+01 1.717782091602349936e+01 1.847816505507131168e+01 1.788688567122803974e+01 1.550195249784875173e+01 1.200306408510575729e+01 8.259649609161719752e+00 4.947635095657517468e+00 2.507309718666725917e+00 1.088329109541573692e+00 5.684631850509711537e-01 6.381493243998522802e-01
3.250000016500000477e+00 1.000000330000001547e-01 3.830963853034493111e-14 1.165123446156470566e+00 1.905773586957549615e+00 3.427829816717551381e+00 6.125070695902639528e+00 9.946622645812571051e+00 1.448133663971284690e+01 1.900963726552171451e+01 2.261223520476277216e+01 2.437600084206879458e+01 2.365971092219369964e+01 2.057867987954008981e+01 1.602682684421345627e+01 1.113053347540305538e+01 6.754818493346798292e+00 3.477244242080635317e+00 1.520512568984862867e+00 7.475247597144687450e-01 7.729114169407172996e-01
3.349999999500000492e+00 9.999993299999987428e-02 3.610829415718221538e-14 1.206595614485915569e+00 2.044323459617136685e+00 3.931815652225516544e+00 7.423254319355710784e+00 1.248943367213007960e+01 1.860106396199131140e+01 2.478520566524316493e+01 2.980578861471060392e+01 3.244419860488873297e+01 3.178141001780227626e+01 2.788489774294239254e+01 2.192139519073089104e+01 1.539203032277981720e+01 9.476254147851516763e+00 4.969362830431826694e+00 2.179167265350907989e+00 9.520348071068180928e-01 8.229179348237911640e-01
3.449999956750000596e+00 9.999998150000077857e-02 3.398270158181024673e-14 1.637612620189084156e+00 2.696440623175824669e+00 4.897176590598132151e+00 8.775720359786914671e+00 1.423785559410783996e+01 2.069387292088506314e+01 2.713284145277165038e+01 3.226651549150350462e+01 3.481409229506801495e+01 3.385484589839221314e+01 2.953823782910425422e+01 2.312602083848037537e+01 1.619294400423976654e+01 9.948831997047715703e+00 5.215921627364259017e+00 2.332831819021290887e+00 1.135694688515074491e+00 1.107296753664916755e+00
3.549999959350000900e+00 1.000000236999993852e-01 3.180128861117769434e-14 2.031570736336202554e+00 3.169780454045281193e+00 5.306311599127832679e+00 8.847130982262347842e+00 1.364304866321013421e+01 1.915828276402488939e+01 2.454626882035612923e+01 2.873629157171946957e+01 3.065894990066323089e+01 2.956430586771415392e+01 2.564416870797538195e+01 2.001161006554113442e+01 1.400966363901814482e+01 8.640137881036094925e+00 4.593353418350845097e+00 2.176066345734009477e+00 1.258992535615326425e+00 1.388722088575786273e+00
3.649999987450000205e+00 1.000000324999996693e-01 2.975395273337816680e-14 2.510953642790829221e+00 3.797244655161267524e+00 6.023610103689723161e+00 9.517124969985294669e+00 1.406726484153151091e+01 1.914898373613447191e+01 2.400564528233236317e+01 2.767841065450479121e+01 2.919337696285844430e+01 2.789462252600822012e+01 2.403104100136837573e+01 1.866703945450371194e+01 1.304520314855405161e+01 8.054453550631095027e+00 4.320516757091166227e+00 2.150054577683739865e+00 1.431803017397287547e+00 1.721480633001144955e+00
3.750000036050000762e+00 1.000000647000014453e-01 2.777810419460189732e-14 2.687021717278309740e+00 3.905560559896760875e+00 5.874101394412701183e+00 8.818787896131960125e+00 1.253069600171384756e+01 1.657504430058212108e+01 2.036128942943884113e+01 2.315608357760022074e+01 2.421300353212470569e+01 2.301525926753416940e+01 1.978461938247536267e+01 1.538873264536183783e+01 1.082138662558513076e+01 6.779719247689457440e+00 3.764144734992924235e+00 2.035650608636157433e+00 1.526048000997240361e+00 1.887472715586399730e+00
3.850000006900001104e+00 9.999987699999923763e-02 2.578577538292435464e-14 2.890137257469777232e+00 4.067363377629379606e+00 5.862435290254785158e+00 8.438192389813446326e+00 1.159217436069711837e+01 1.495162907970093613e+01 1.803366948537784253e+01 2.025186610899122286e+01 2.100626493703889608e+01 1.987140718400889483e+01 1.705188717419600763e+01 1.328408775582112078e+01 9.401812705107213120e+00 5.981535694172719353e+00 3.443457258748990224e+00 2.016019874132542800e+00 1.656703645900183819e+00 2.076440650520640752e+00
3.949999972700000583e+00 1.000000545999992774e-01 2.368421401483588775e-14 3.078862126386171294e+00 4.229830523946190191e+00 5.919333164365950140e+00 8.276352293596389131e+00 1.109870859282277777e+01 1.404937891140915518e+01 1.671363754457860651e+01 1.859386897442604436e+01 1.916936250818217502e+01 1.806500533899811600e+01 1.547762854630502183e+01 1.207213555515577852e+01 8.592040278795805008e+00 5.539205542358241807e+00 3.285242942693222812e+00 2.043182317166003958e+00 1.786567901602662101e+00 2.252424148676381854e+00
4.049999991800000032e+00 9.999998360000006414e-02 2.144286242101449433e-14 3.043688998293437642e+00 4.022800134486820944e+00 5.403437726502473559e+00 7.299990471269896197e+00 9.570819757614923873e+00 1.194942020336272925e+01 1.408561677124501088e+01 1.557457241898775280e+01 1.599653240290455258e+01 1.505049879635726029e+01 1.289669862938871425e+01 1.007410179496365998e+01 7.204069094973716503e+00 4.719882470191435253e+00 2.928561633884771975e+00 1.982885596885013868e+00 1.849736636662352884e+00 2.305009764965416874e+00
4.149999975000000063e+00 9.999998279999999795e-02 1.950843224154903424e-14 3.678478175371550307e+00 4.876813396434164005e+00 6.677526694053264933e+00 9.459078690049716798e+00 1.321520727695283881e+01 1.753664389847943639e+01 2.166347472399705154e+01 2.470534269076995315e+01 2.582656584172578462e+01 2.450746313164805557e+01 2.096521676185833627e+01 1.608484958320924818e+01 1.105065912520607263e+01 6.799077168404112470e+00 3.886683229312097421e+00 2.426070202876873694e+00 2.200809216797104728e+00 2.769282283402454858e+00
4.249999978900000031e+00 1.000000249999999369e-01 1.775238483540966244e-14 7.209992231218985914e+00 1.050511444194343369e+01 1.601751798960198414e+01 2.502544289930220245e+01 3.754852023995023558e+01 5.236697502576824803e+01 6.710953825865243516e+01 7.875415316461628379e+01 8.434977823083919191e+01 8.169460576827978571e+01 7.109265776947049176e+01 5.540023920538888547e+01 3.845320459766221433e+01 2.340173618740428196e+01 1.235195616334988955e+01 6.052686419951597507e+00 4.019825784543163749e+00 4.952038152633999601e+00
4.349999969300000657e+00 9.999995580000042850e-02 1.541975008599334207e-14 8.980558855447773325e+00 1.297422482320953918e+01 1.975794797021863758e+01 3.066076307494228459e+01 4.554683076833467936e+01 6.304222419449808967e+01 8.061719639608506327e+01 9.499666791597911697e+01 1.029958571167842365e+02 1.015402193638070401e+02 9.032833132551998290e+01 7.257645359727595746e+01 5.257297653000120619e+01 3.390981571888653434e+01 1.925957639955714740e+01 9.969749342784547608e+00 6.005546364220485600e+00 6.394703694785957460e+00
4.449999996100000743e+00 1.000000977999997431e-01 1.350371264694477622e-14 1.041455592362004801e+01 1.460131631127090301e+01 2.172941979832171810e+01 3.348928930361503831e+01 4.988843867433708112e+01 6.938743170088012846e+01 8.901532375641546935e+01 1.049818911127007652e+02 1.136212976194625526e+02 1.116232075479221493e+02 9.879930103379619766e+01 7.876121803162315871e+01 5.647602448105809003e+01 3.605757128544183843e+01 2.040716847461027328e+01 1.079340730955655658e+01 6.953039001280042264e+00 7.609236159891245244e+00
4.550000068500001049e+00 1.000000470000017572e-01 1.234361767321162434e-14 1.031028457207008131e+01 1.344575093717582170e+01 1.818734062322140588e+01 2.586988315885443512e+01 3.671190071855278347e+01 4.964776879470255722e+01 6.242209180878906949e+01 7.222222691819222007e+01 7.648841003878942502e+01 7.346337933075355409e+01 6.351747127207082855e+01 4.913829808205133531e+01 3.396693548460138601e+01 2.097842390096663223e+01 1.198145233937180265e+01 7.366049375852709247e+00 6.417029765710926092e+00 7.871136124628804076e+00
4.650000017800001828e+00 9.999985159999891238e-02 1.152862089146680777e-14 1.244965930245545671e+01 1.600857361937685397e+01 2.093150445680601734e+01 2.823940909217152040e+01 3.800894706624108466e+01 4.924096306879437890e+01 5.995288010104910370e+01 6.778311659672516498e+01 7.063874073701541079e+01 6.712831204349754444e+01 5.771704183589524462e+01 4.463913133045546999e+01 3.108670493468148877e+01 1.965248597739355318e+01 1.189480516841711832e+01 8.121523202516856443e+00 7.718187291359389413e+00 9.584955962988576772e+00
4.750000010200000844e+00 1.000001332000008958e-01 1.077822583787979903e-14 1.494278273952218861e+01 1.921519209278331886e+01 2.515187853312222543e+01 3.393428315081179392e+01 4.562322912596817304e+01 5.904180612841199149e+01 7.186388046798998630e+01 8.129734853251481752e+01 8.486557500413591981e+01 8.084996320407270787e+01 6.975870616555073411e+01 5.423543247410819390e+01 3.804997112719136965e+01 2.427463842670439575e+01 1.480389186347882458e+01 1.007238797981908007e+01 9.405243760483639193e+00 1.154410679821659613e+01
4.850000070250001016e+00 9.999998689999944901e-02 1.001344267108977030e-14 1.780414775226074653e+01 2.268073798572722666e+01 2.905015717805904174e+01 3.782894992080841945e+01 4.889354884641641519e+01 6.110582306196943136e+01 7.241305935945584338e+01 8.041243439325386078e+01 8.298568553820356897e+01 7.859111985953983037e+01 6.776426082124619654e+01 5.299249252592018422e+01 3.774229878682296402e+01 2.478836263617756330e+01 1.588954298709165336e+01 1.153943611819145509e+01 1.122372534749601591e+01 1.382707011546450815e+01
4.950000031850001037e+00 9.999993629999881506e-02 9.277640695760904161e-15 2.104152588926568868e+01 2.666053706055019035e+01 3.361895081183516254e+01 4.250325612404575537e+01 5.293757197480964294e+01 6.379995747017084540e+01 7.333640147133684195e+01 7.958300491468736482e+01 8.085177248671605810e+01 7.585363647419113420e+01 6.521701098774796890e+01 5.126930829273386792e+01 3.711860355491558749e+01 2.516737792449591993e+01 1.699371718555603294e+01 1.313963831728128717e+01 1.325633693717593076e+01 1.639517472120270725e+01
5.050000017849999523e+00 1.000000356999999340e-01 8.583842163904391983e-15 2.510698144339719207e+01 3.201231825770288708e+01 4.058674046905007060e+01 5.140044990906100963e+01 6.388593598669027074e+01 7.668560324529616423e+01 8.777451450055741589e+01 9.490692842832010001e+01 9.616922272918603198e+01 9.006284987326273495e+01 7.739699794622752904e+01 6.092616923926194517e+01 4.424139247327383373e+01 3.009188032809470670e+01 2.033261122346250716e+01 1.565958863490439690e+01 1.572819308119982473e+01 1.947680193714080943e+01
5.150000049049999973e+00 1.000000267000009657e-01 8.015946545373260832e-15 2.943533468513939155e+01 3.784039306308166317e+01 4.852181704844061727e+01 6.223794226605090785e+01 7.828114276994794807e+01 9.492353540936306899e+01 1.095458907030639608e+02 1.191846751620655596e+02 1.212723546977305915e+02 1.138476057345181545e+02 9.792865625339324254e+01 7.703854103061618730e+01 5.574358926581745521e+01 3.755902760557579967e+01 2.488534616408773914e+01 1.863926665345166001e+01 1.837429680738202009e+01 2.271744147027971650e+01
5.249999964950001541e+00 9.999980510000217038e-02 7.544065081657799508e-15 3.362944201814717360e+01 4.385205345472790839e+01 5.703380335343793917e+01 7.398992319251179595e+01 9.374794872445255578e+01 1.141656954709984859e+02 1.320692715243754378e+02 1.438786998741146022e+02 1.464870987697732971e+02 1.375026014181625555e+02 1.182275278814742023e+02 9.294081292595170396e+01 6.709755262532601705e+01 4.488751962852536082e+01 2.923049669843280185e+01 2.130374155717383289e+01 2.064279635144119140e+01 2.564489042469420710e+01
5.349999863550003454e+00 9.999999210000076744e-02 7.080673639950620536e-15 3.619266707088738855e+01 4.710237843825746040e+01 6.128593838723996612e+01 7.965276991619576563e+01 1.011528266162420522e+02 1.234607511456370759e+02 1.431250123887045902e+02 1.562302319126080761e+02 1.593367635413456185e+02 1.497905895454222218e+02 1.289883610292029061e+02 1.015833230857344773e+02 7.350109740154283600e+01 4.929407938272585454e+01 3.214985946321650800e+01 2.337541739951678110e+01 2.248550208814701534e+01 2.772848716043078809e+01
5.449999957300001974e+00 1.000001953999962723e-01 6.574255019120580791e-15 3.950752657522900790e+01 5.272260495088984555e+01 7.056036548313844037e+01 9.411307933920700464e+01 1.219669272773350315e+02 1.510978951760611437e+02 1.770364397466141497e+02 1.947137177351129367e+02 1.996249031417555386e+02 1.882254481405041702e+02 1.623240678112988178e+02 1.278258156723969563e+02 9.213545841645672851e+01 6.098476551243622623e+01 3.846654127871550344e+01 2.634089725858904529e+01 2.413009310980530486e+01 2.972809905515193307e+01
5.550000005100000244e+00 9.999990020000026902e-02 6.165054779824260121e-15 4.174431444080209985e+01 5.622778996762192349e+01 7.616254792622331138e+01 1.028189218825185804e+02 1.346154767262351584e+02 1.681142453125445400e+02 1.981940304775545769e+02 2.190260282673396546e+02 2.253749987555857786e+02 2.130685364412309752e+02 1.841051920123672971e+02 1.451692280592343707e+02 1.046316560496208155e+02 6.901562243376872630e+01 4.301411313891974686e+01 2.868254264422720112e+01 2.554877193012801939e+01 3.126818644895021748e+01
5.649999920600000891e+00 9.999993080000191270e-02 5.876676593661604876e-15 4.250530200184240215e+01 5.791384699255053903e+01 7.965240316189706959e+01 1.090797009690885915e+02 1.443708512908103216e+02 1.817126680315213605e+02 2.155105682332556967e+02 2.394044017387433598e+02 2.475195042090235802e+02 2.349557184062597628e+02 2.037909471926936362e+02 1.613612559569218945e+02 1.167650128176791213e+02 7.710566016090368180e+01 4.761014870187668180e+01 3.074546367742886233e+01 2.626211040869391766e+01 3.170813208435389896e+01
5.749999995200002267e+00 1.000002183999999517e-01 5.536953112197826834e-15 4.336046445104133085e+01 5.960987868270411383e+01 8.299503917591876245e+01 1.150552919511388410e+02 1.538628529328112506e+02 1.952700343325295478e+02 2.331140719055010777e+02 2.603833241930558984e+02 2.705522179323836554e+02 2.579526649908889340e+02 2.246257520528237137e+02 1.785312356729580472e+02 1.295887363134598615e+02 8.564059727952320600e+01 5.252068954867988282e+01 3.305531572797529094e+01 2.714519516964893953e+01 3.226667665149485487e+01
5.849999972550003591e+00 9.999973630000269509e-02 5.255081747961382133e-15 4.399206666202209703e+01 6.100787623211235200e+01 8.598414231476127156e+01 1.205974587890975585e+02 1.627669923999101229e+02 2.080019427553196749e+02 2.496267907806067115e+02 2.800524788452299276e+02 2.921387814309064197e+02 2.795166473352872458e+02 2.442149340007985643e+02 1.947762021637600469e+02 1.418525927008174961e+02 9.392151753223032529e+01 5.735963942827899587e+01 3.535734401906115920e+01 2.799994620886422325e+01 3.270441825486729925e+01
5.949999860350003722e+00 1.000000392999975674e-01 5.002453643267276487e-15 4.838547997825294544e+01 6.615324524294349828e+01 9.153893560695065901e+01 1.259250814880277574e+02 1.670531651918269631e+02 2.104970119197768668e+02 2.499007554681371630e+02 2.781588498222349131e+02 2.886913167713189523e+02 2.754772249988067188e+02 2.405566578948360075e+02 1.922183904041238520e+02 1.407371503114391942e+02 9.421129393851812495e+01 5.878700529442375000e+01 3.762107927099419413e+01 3.091356591703360479e+01 3.630185534879228015e+01
6.049999869850003265e+00 9.999997970000062963e-02 4.697290070660030689e-15 5.391910709774573007e+01 7.271208227876383035e+01 9.889728418898523898e+01 1.336414168422227817e+02 1.744955276897886449e+02 2.170147521049069894e+02 2.550124609257690054e+02 2.816497703359867728e+02 2.906971694120705365e+02 2.764346132718833928e+02 2.410318065347325103e+02 1.927193836469543555e+02 1.416495616408432454e+02 9.572381737871727125e+01 6.096421749428890990e+01 4.050509955025176367e+01 3.455833576894637815e+01 4.082453534348318414e+01
6.149999979450002208e+00 1.000002394999981448e-01 4.474700045142020906e-15 5.892056671683902636e+01 7.853282078732722482e+01 1.048109900819048619e+02 1.385353830070923493e+02 1.771288088534418250e+02 2.163455044181423830e+02 2.505333768507467767e+02 2.736131580251765740e+02 2.801941134890861917e+02 2.651764664755741592e+02 2.307635192943023128e+02 1.846552184113478745e+02 1.363627488471625782e+02 9.320136394849191674e+01 6.078613726087814939e+01 4.210484293208200057e+01 3.745501461325174120e+01 4.479051800237837710e+01
6.250000024400000243e+00 9.999985039999881309e-02 4.280363509562265184e-15 6.591852753584493030e+01 8.454154522496435220e+01 1.083807039439597020e+02 1.378964560634335612e+02 1.706335368263251553e+02 2.029812688803501146e+02 2.303997517490155360e+02 2.480264484002123027e+02 2.516319276120449899e+02 2.371387941428767192e+02 2.065110802984169709e+02 1.663881814753509047e+02 1.249453181632859469e+02 8.828588186383515790e+01 6.116943936594603315e+01 4.622834724183604038e+01 4.370925836426972921e+01 5.181262056624962042e+01
6.349999974800000224e+00 1.000000504000002621e-01 4.028317107822997597e-15 6.868194134170826715e+01 8.926818480637771813e+01 1.163523427106070187e+02 1.505564154999407833e+02 1.891048432022740542e+02 2.277643862054616193e+02 2.611061190161226477e+02 2.832863517287030959e+02 2.891069463828505377e+02 2.735194641491052607e+02 2.387118148742776214e+02 1.923769726997374221e+02 1.439923530295717455e+02 1.007438110815768795e+02 6.826402897813845527e+01 4.970453373835653110e+01 4.548168954010656506e+01 5.358195916639681400e+01
6.450000081250002459e+00 1.000001625000042083e-01 3.660786955160471493e-15 6.004898116515989415e+01 8.228928766012752760e+01 1.159988926289462796e+02 1.631645867199477777e+02 2.206758004723598674e+02 2.824303870517369432e+02 3.396433156485565519e+02 3.824463760512769568e+02 4.014541333942135566e+02 3.875142017703842612e+02 3.424916889719933693e+02 2.775542248707894828e+02 2.065868925206340521e+02 1.407277089073442085e+02 8.875481787192811112e+01 5.560040084401814653e+01 4.229588317439576883e+01 4.622323197256198313e+01
6.550000114250002170e+00 9.999990349999610117e-02 3.347381918701667106e-15 6.867783327539122240e+01 9.312482605792655477e+01 1.290643244649664609e+02 1.785585503497660795e+02 2.384529935377478012e+02 3.024784528863456217e+02 3.614817712531548182e+02 4.051436723895831733e+02 4.236638088219974634e+02 4.075465632922403643e+02 3.591138426877025154e+02 2.900914267223208185e+02 2.152014931955367842e+02 1.462920972724941464e+02 9.262968174962590240e+01 5.925598408207669365e+01 4.699375949455210844e+01 5.278793542792377735e+01
6.650000063150001139e+00 9.999999430000006129e-02 3.103759814899495378e-15 7.633009799444630517e+01 1.021466553061698903e+02 1.393511453751732176e+02 1.899821011037783194e+02 2.508453035212395150e+02 3.156264970772565448e+02 3.750623378569115403e+02 4.187357308138126655e+02 4.368463087807894567e+02 4.197658147227051586e+02 3.698810649416831211e+02 2.990915267768397143e+02 2.224614067576114564e+02 1.521460498218862938e+02 9.765327066670705847e+01 6.410592678248418963e+01 5.230206747894652608e+01 5.913270096857341684e+01
6.750000111750003029e+00 1.000001029000037178e-01 2.865681166525173658e-15 8.713084977495800842e+01 1.153542412101616748e+02 1.554223166387725144e+02 2.093506459810296576e+02 2.735796735456489728e+02 3.413765432755169513e+02 4.030483619919543230e+02 4.477040768323741986e+02 4.651514759977395101e+02 4.456177639691437662e+02 3.919378980294154644e+02 3.167426451306577633e+02 2.359500336949420785e+02 1.622498417581378476e+02 1.055455127534820576e+02 7.116083551168206611e+01 5.979058822560879349e+01 6.800011698381992176e+01
6.849999991900004304e+00 9.999965740000060777e-02 2.764431591629071475e-15 9.161410637999581752e+01 1.200075676752954621e+02 1.599126920494184674e+02 2.131256301665335684e+02 2.760211601196396032e+02 3.419953890448043694e+02 4.016360830077775859e+02 4.444404809308905442e+02 4.607137800627933757e+02 4.410739448650946883e+02 3.882729419486050801e+02 3.146268387983182606e+02 2.356277399554817862e+02 1.635971464123180397e+02 1.082052470960480548e+02 7.467835431162799864e+01 6.375109295025865208e+01 7.220949136513807787e+01
6.949999980300003877e+00 1.000003193999976503e-01 2.603145797300359099e-15 1.033647711275205268e+02 1.331681484345163824e+02 1.735675758992157682e+02 2.260528682954760882e+02 2.868287675324282304e+02 3.494125488259386429e+02 4.048356095705073017e+02 4.431818234553364277e+02 4.555672963574050414e+02 4.335562458925979854e+02 3.803027332978800246e+02 3.078371926083224253e+02 2.312626194667124935e+02 1.623502802868033825e+02 1.102597658320900820e+02 7.985388597666637622e+01 7.156875134634833557e+01 8.214489665444880018e+01
7.050000080650001166e+00 9.999988129999692887e-02 2.519389257589512282e-15 1.034694799434369941e+02 1.333423843298593283e+02 1.748330066959036060e+02 2.297232530986338475e+02 2.941728599790289422e+02 3.613956327744195391e+02 4.218328918713234543e+02 4.648282542586225077e+02 4.806351163870947403e+02 4.597473615020402917e+02 4.050401034170105277e+02 3.291798085584153455e+02 2.481026355156991485e+02 1.743679981803527426e+02 1.178567612243721356e+02 8.393439272978477561e+01 7.332567337279539288e+01 8.274944297453342301e+01
7.149999981849999742e+00 9.999992110000111012e-02 2.389968031761321319e-15 1.095731619144414992e+02 1.403145988887653459e+02 1.828372885910364971e+02 2.389068083617996194e+02 3.044829729783020866e+02 3.725926559590193961e+02 4.335320612682066894e+02 4.764933480660299097e+02 4.917070679942796687e+02 4.698109864884313538e+02 4.137688910013243913e+02 3.365254248578570468e+02 2.542917313537822963e+02 1.797090339253323066e+02 1.227094333781043218e+02 8.867915968619870171e+01 7.826511690050264747e+01 8.813570914654403055e+01
7.250000007700000637e+00 1.000001305999997925e-01 2.259063461763062549e-15 1.161572484845347759e+02 1.477135075186146196e+02 1.911187241062337989e+02 2.483116927531756062e+02 3.152251671253351333e+02 3.847820565696672475e+02 4.470648378600851061e+02 4.909605637059892729e+02 5.063906548465317314e+02 4.836787924289078546e+02 4.259141729569032577e+02 3.464434049820383734e+02 2.620259402047263393e+02 1.856748405092397149e+02 1.275928372350173134e+02 9.325754136726220622e+01 8.320957165160588431e+01 9.387675463607723714e+01
7.349999903300004966e+00 9.999966060000886614e-02 2.158737443121118426e-15 1.142257747247840882e+02 1.452565553871851876e+02 1.893605790059224603e+02 2.486685500259512764e+02 3.188178009296053119e+02 3.923682156499339726e+02 4.590679425836100904e+02 5.074530553094126049e+02 5.269067257542315019e+02 5.067172109710597852e+02 4.492003054376793330e+02 3.680965408725367638e+02 2.806385288457167348e+02 2.001657454302210795e+02 1.374053148424657422e+02 9.854648515710043455e+01 8.485724975953604599e+01 9.320786308015075861e+01
7.449999960550007572e+00 1.000004538999954562e-01 2.071297114136873441e-15 1.150430972938635819e+02 1.463407551009076712e+02 1.915769860456845493e+02 2.529057488032341325e+02 3.258093163806359485e+02 4.025792106774849231e+02 4.725788542342967276e+02 5.239516786889404329e+02 5.457270799011579356e+02 5.266234827003567034e+02 4.685275236607824922e+02 3.855096585003333303e+02 2.951931827132087278e+02 2.113510231203359524e+02 1.451805496386029688e+02 1.032859027377779029e+02 8.730661686876582905e+01 9.439574640762755564e+01
7.550000017750003067e+00 9.999966049999731155e-02 1.963879549196719463e-15 1.355501957597532225e+02 1.683862161265940074e+02 2.122964393208044953e+02 2.688306473017984786e+02 3.336903827661648165e+02 4.000073404598064712e+02 4.584649157947966387e+02 4.987235001175125717e+02 5.115958445309323679e+02 4.880167947185885282e+02 4.309633251966679381e+02 3.533133839228596571e+02 2.712787027283779366e+02 1.972742774033721105e+02 1.411808699016893058e+02 1.084463722625403790e+02 9.973028568464579280e+01 1.117524293707596854e+02
7.649999920150001742e+00 1.000001442999982615e-01 1.867747166649252706e-15 1.283319018956858599e+02 1.608683917328497728e+02 2.064950899573685490e+02 2.675946893110680094e+02 3.395527713792257600e+02 4.147320661297897004e+02 4.827422321493299933e+02 5.320595986218743292e+02 5.520575407865080706e+02 5.313917811593031502e+02 4.721077867059869959e+02 3.883739362020091903e+02 2.981757137242151998e+02 2.151474510888033649e+02 1.503455187898064480e+02 1.102633772988613003e+02 9.641488335831574830e+01 1.057921472018864648e+02
7.749999941550001381e+00 9.999989850000101654e-02 1.793711133870519117e-15 1.307340927197413691e+02 1.628379571948812838e+02 2.089910709435759770e+02 2.714067073336210001e+02 3.453493723068278882e+02 4.230051625145983962e+02 4.937048188224794103e+02 5.456194781848191724e+02 5.679878465670748255e+02 5.492416304558890943e+02 4.907003845499847898e+02 4.066633404445229871e+02 3.150466259466041379e+02 2.296933217905151139e+02 1.620029694627735353e+02 1.188371996993143398e+02 1.021010003134028779e+02 1.093133840143026987e+02
7.849999898000001863e+00 1.000000143999999480e-01 1.717235923365322253e-15 1.503721499355057460e+02 1.842898607369906188e+02 2.295822329502582591e+02 2.877917458361721970e+02 3.544051127441953213e+02 4.224057449874431995e+02 4.823814600455162349e+02 5.239178144619157820e+02 5.378162318489390827e+02 5.146407221746503637e+02 4.569157429456045065e+02 3.776827202044798923e+02 2.935037336427370747e+02 2.170396510736688072e+02 1.585311358155942116e+02 1.238248756129360544e+02 1.139264705827750390e+02 1.258411354228666994e+02
7.949999952600000697e+00 1.000000947999986067e-01 1.636435912376984408e-15 1.608557346081854860e+02 1.944820025802360703e+02 2.377516981883671008e+02 2.917077903821430027e+02 3.518467852829921867e+02 4.117934614665211939e+02 4.634176741404216386e+02 4.978496896363420205e+02 5.073417216485964900e+02 4.836187366930118969e+02 4.293992781941795442e+02 3.564887568826444522e+02 2.799431905058714847e+02 2.109995112082513629e+02 1.588517731311057446e+02 1.288900721793227149e+02 1.220851399476592007e+02 1.356629746189034620e+02
8.050000004050000157e+00 1.000000081000003149e-01 1.548342527152782251e-15 1.676374087862346869e+02 2.019484403313992118e+02 2.463799684657404043e+02 3.021095404075295505e+02 3.644462589653102782e+02 4.267578235537872047e+02 4.806159703075176139e+02 5.167969264825949267e+02 5.272524943447994019e+02 5.033615968495482207e+02 4.477168692542216490e+02 3.725493385642720909e+02 2.934619635862995892e+02 2.220247606136011029e+02 1.677405382902689439e+02 1.362442054229742041e+02 1.286069992080622058e+02 1.420658389827500514e+02
8.149999987650000222e+00 9.999995909999981336e-02 1.470022940234707848e-15 1.775545811489340053e+02 2.116588731921139299e+02 2.553993682710020892e+02 3.098969991524922420e+02 3.705478074664385986e+02 4.309201815283511792e+02 4.828678051407071052e+02 5.174196760864886073e+02 5.267236931524403190e+02 5.025341321546954987e+02 4.475825066177434906e+02 3.738112120633678614e+02 2.965148373775432447e+02 2.269857263339069107e+02 1.744938867734831263e+02 1.445060923599954776e+02 1.379339615283255398e+02 1.518855546052066074e+02
8.249999904750001889e+00 9.999987510000174495e-02 1.420649682367507240e-15 1.830966929064410067e+02 2.139823068097831822e+02 2.517849315788179467e+02 2.971842412195223915e+02 3.461543544490609747e+02 3.935215468093197160e+02 4.330068656104346019e+02 4.578260277507775413e+02 4.622856076445268059e+02 4.398994103376691100e+02 3.931097870853810150e+02 3.316317569374941741e+02 2.681197061093826619e+02 2.116840707512414781e+02 1.698646153078035468e+02 1.471396130690658026e+02 1.442282637773613487e+02 1.587818507843344946e+02
8.349999887550001887e+00 1.000000904999982509e-01 1.340886246002590607e-15 1.960232361793493112e+02 2.263497833257328011e+02 2.619144277878930325e+02 3.032892021695892595e+02 3.467928523556681739e+02 3.878598155049105571e+02 4.210237028671066923e+02 4.404071489368392918e+02 4.412517021113483224e+02 4.180356939064483868e+02 3.734727424439083734e+02 3.164026881238672786e+02 2.585706753657666468e+02 2.082612527197555039e+02 1.722240984616641697e+02 1.542927183361852883e+02 1.547525901827511063e+02 1.711277247321266373e+02
8.449999923900000098e+00 9.999998219999994831e-02 1.290102527188355902e-15 2.019590237050279313e+02 2.304349513851110771e+02 2.624314603900197653e+02 2.981303707535337253e+02 3.341266106815578496e+02 3.666313176594307492e+02 3.914260164392690058e+02 4.040870752209419265e+02 4.012626236298556819e+02 3.787592753212304615e+02 3.393043249781082977e+02 2.902387027636643779e+02 2.415215180863734759e+02 1.999295260629403685e+02 1.710321500323964017e+02 1.580169121559071357e+02 1.610206170093266564e+02 1.778562136291767501e+02
8.549999948900000035e+00 1.000000677999999255e-01 1.236588982107130338e-15 2.054971012900043377e+02 2.324172667240172814e+02 2.625449478699159727e+02 2.961269226077335475e+02 3.299725070180367084e+02 3.605657882839185504e+02 3.839866225331218743e+02 3.961453676090794715e+02 3.939401666550734831e+02 3.731771818325303229e+02 3.362630865508116358e+02 2.900311685087932005e+02 2.439383001962311255e+02 2.044037596410184960e+02 1.767623600723935340e+02 1.641179195790951724e+02 1.667308004052665353e+02 1.826505178046713525e+02
8.649999943550000125e+00 9.999992150000025504e-02 1.188493253396945417e-15 2.061767717098900050e+02 2.313598569781135268e+02 2.590631838911457407e+02 2.894224108713036685e+02 3.194370415358127389e+02 3.460281819004725889e+02 3.659352746804154322e+02 3.758614383827756456e+02 3.732671580959368498e+02 3.542258120785915025e+02 3.208888254080333695e+02 2.792735654827834537e+02 2.378765353312431614e+02 2.023521021902878658e+02 1.775263504242217323e+02 1.663403587716532002e+02 1.692475306073314130e+02 1.845549450280481096e+02
8.750000092950005026e+00 1.000003773000095464e-01 1.148059296538428936e-15 2.097293011503366529e+02 2.332773738112694275e+02 2.584516187110681926e+02 2.853705745859280682e+02 3.113391672014915343e+02 3.337115137524067450e+02 3.497643808425800671e+02 3.568293649134517977e+02 3.529691526394502716e+02 3.348224120035674218e+02 3.044822182061842000e+02 2.671798415420567494e+02 2.305694233647257079e+02 1.996184695442271675e+02 1.785464346184409408e+02 1.698701187681448346e+02 1.739038228612717205e+02 1.890758506744951433e+02
8.850000163050005142e+00 9.999976289999068513e-02 1.095167929801276060e-15 2.137660417740504499e+02 2.353583489362746093e+02 2.582235999079122735e+02 2.825685373558445121e+02 3.059259400669617435e+02 3.259649600964622209e+02 3.402877484066099214e+02 3.465126554576893909e+02 3.428978190201092957e+02 3.262075137467314221e+02 2.984561019739107905e+02 2.643671137705074443e+02 2.310168136029612072e+02 2.028968774056107804e+02 1.838853840306254313e+02 1.762945526810464116e+02 1.803858397587039804e+02 1.946747290916779036e+02
8.950000067250000413e+00 1.000000454999998567e-01 1.055072071250063135e-15 2.218247855258437937e+02 2.454481455332892494e+02 2.702144443807291054e+02 2.963074126434069058e+02 3.212140668060461621e+02 3.425123057956301977e+02 3.576505423063370017e+02 3.641419443144980050e+02 3.601521210851037722e+02 3.422408554263014366e+02 3.124172170237776527e+02 2.756590590812622281e+02 2.395708696671452174e+02 2.091396305781218246e+02 1.886178073676494478e+02 1.804979294296173578e+02 1.850984365960858042e+02 2.008130079565912922e+02
9.050000040449999616e+00 9.999990089999855059e-02 1.015310567135610378e-15 2.291234585930353376e+02 2.524584014906241123e+02 2.769506789289322910e+02 3.031295594453930562e+02 3.286979931172904799e+02 3.512522167479007180e+02 3.680088279376619766e+02 3.760578114156601259e+02 3.731364648176094647e+02 3.554920089950137481e+02 3.250669101345770855e+02 2.870414880849371571e+02 2.494855686047534675e+02 2.177894592763745720e+02 1.964563459235548351e+02 1.879962866950440059e+02 1.925407689307921544e+02 2.082497848372588294e+02
9.150000087450001374e+00 1.000001931000049638e-01 9.792110976691418260e-16 2.274868093851368087e+02 2.474293269230630301e+02 2.682393411813230273e+02 2.911083718025348617e+02 3.144662659136437242e+02 3.362468251653454558e+02 3.535370463199600977e+02 3.630558913149927207e+02 3.621580460139075512e+02 3.470244601180970676e+02 3.192819414984716673e+02 2.837404338497327672e+02 2.483882820163739495e+02 2.186776669825004831e+02 1.989432358094732081e+02 1.912793058008397225e+02 1.954146778084414677e+02 2.093533639896245404e+02
9.250000166400003110e+00 9.999996479999850862e-02 9.360720827789367423e-16 2.326328254602540540e+02 2.518697416021969104e+02 2.719059977921776294e+02 2.944812838594305049e+02 3.184311656484502464e+02 3.417018567603301449e+02 3.609714820731258555e+02 3.723683905126490004e+02 3.728007733429136010e+02 3.581621207952309760e+02 3.299505384506950918e+02 2.931205997044352216e+02 2.562708967506495696e+02 2.254045261292039299e+02 2.050793504836193790e+02 1.972317996293677709e+02 2.012609541449054404e+02 2.149636651539451577e+02
9.350000018000002910e+00 9.999973839999931613e-02 9.074196192721349348e-16 2.435049911031427712e+02 2.656662365175958485e+02 2.883175562783591204e+02 3.126572317613087080e+02 3.370876200523371722e+02 3.594991640304126577e+02 3.768596056370648739e+02 3.858057856009714328e+02 3.838041507396976613e+02 3.669578566236566530e+02 3.369845604116311506e+02 2.988992961379336748e+02 2.612260735895126800e+02 2.298469205677404545e+02 2.093837342950204743e+02 2.019755819447548504e+02 2.072467622223396404e+02 2.231069811447295024e+02
9.449999848600002750e+00 9.999992280000213896e-02 8.675687767981412207e-16 2.518778268258666913e+02 2.732016318415438718e+02 2.949854866542509058e+02 3.184301463597317934e+02 3.418706587708971938e+02 3.632311269390440884e+02 3.796664833925183871e+02 3.880342608854995774e+02 3.859743937982555053e+02 3.697020524071781438e+02 3.408887970544614063e+02 3.043715204179310945e+02 2.683829544791690864e+02 2.384266712047736689e+02 2.188672152584980211e+02 2.117950659306441423e+02 2.169031081064591433e+02 2.322244483540289650e+02
9.549999751400006787e+00 9.999988280000593477e-02 8.398536475597532196e-16 2.485091963700958502e+02 2.656849631916472276e+02 2.825344498322328377e+02 3.005316112297902009e+02 3.186201211590646949e+02 3.353712442643674763e+02 3.485078157699728649e+02 3.553487484264379077e+02 3.538862924145969941e+02 3.406857320544979189e+02 3.171526389300220785e+02 2.870855043485361762e+02 2.576171201829441202e+02 2.334162055197540440e+02 2.181547537345628029e+02 2.134167890387254545e+02 2.186771570487534007e+02 2.321187473684896645e+02
9.650000011300011948e+00 1.000006370000026124e-01 8.002195709890957857e-16 2.622400508786541877e+02 2.819759655887555709e+02 3.011245561622131959e+02 3.207671144270753416e+02 3.395164050027565850e+02 3.558840525839113980e+02 3.677870602699562141e+02 3.729680703712882064e+02 3.698890905975353007e+02 3.551815326603572771e+02 3.302708124011964514e+02 2.989476967237837925e+02 2.683811101130739303e+02 2.432397810685340289e+02 2.273291907675759376e+02 2.224595741742531061e+02 2.283965996246253667e+02 2.435110882196287605e+02
9.749999988500011483e+00 9.999931740000000957e-02 7.709570290353676231e-16 2.665418890240007386e+02 2.839878510621853138e+02 3.008183927681977252e+02 3.181053810069867609e+02 3.345161972577431015e+02 3.487572803672451869e+02 3.590191040944508245e+02 3.632494283464445743e+02 3.601351572199230873e+02 3.466684055415248622e+02 3.244025212062664991e+02 2.966466108624520075e+02 2.698503255181918803e+02 2.479981400466172374e+02 2.344115760039842371e+02 2.306375320881300297e+02 2.363167009912376670e+02 2.499612347624074289e+02
9.849999873100006909e+00 1.000004517999890652e-01 7.416065220312214480e-16 2.868840474840870911e+02 3.101592119418232301e+02 3.327935269447812061e+02 3.554955970481267400e+02 3.763062406683246195e+02 3.934205878676211796e+02 4.047353346751988852e+02 4.081422362762697276e+02 4.025253723767844463e+02 3.846835503798476452e+02 3.564369093546356453e+02 3.219676455805844171e+02 2.888718979724360452e+02 2.619205252507478008e+02 2.450694615408831396e+02 2.403121327037481478e+02 2.474788234458809484e+02 2.650001274142425132e+02
9.950000049500001609e+00 9.999990099999855886e-02 7.128639164058106745e-16 2.802807447304708148e+02 2.962697667311305736e+02 3.110422925452701861e+02 3.256207775437647456e+02 3.387524821496965615e+02 3.494354913229612976e+02 3.563621322486474696e+02 3.581046927927252455e+02 3.539666544714539214e+02 3.413667771316416406e+02 3.218573172346934825e+02 2.980451249284669757e+02 2.756065420389480778e+02 2.577536336902504104e+02 2.472216864487823500e+02 2.452618643426600329e+02 2.515182938297157591e+02 2.647500172140779569e+02
1.500000000000000000e+01 1.000000000000000000e+01 2.088837912216043718e-16 4.822899785912484845e+02 5.212310075955364255e+02 5.619608442191916993e+02 6.065948057984626303e+02 6.520072626903860282e+02 6.944823046791957495e+02 7.283548425973638132e+02 7.467042431992792899e+02 7.448498619320905618e+02 7.158042474920824816e+02 6.628733578509156814e+02 5.946471179698619380e+02 5.263825560320716477e+02 4.685712705354878835e+02 4.299476580165873543e+02 4.146283239301393451e+02 4.216259007890028556e+02 4.476289415188103362e+02
1.712903225806451530e+02 3.025806451612903061e+02 1.083882704051282035e-18 2.449509602677738371e+02 2.699117084822652259e+02 3.005279936170603605e+02 3.368906785537777751e+02 3.756163050022457810e+02 4.130892051553508963e+02 4.446840793339582092e+02 4.657657062138586070e+02 4.728901836708714654e+02 4.594701348425702463e+02 4.270787883003766296e+02 3.813863093133607549e+02 3.316875239136492723e+02 2.849792572656699008e+02 2.479504299397205216e+02 2.249617501190316489e+02 2.179615786591729716e+02 2.268930927589410942e+02
