6.500000010000002160e-01 1.000000260000001306e-01 2.155118092546379426e-13 1.147591111425227094e-02 1.153244331683624460e-02 1.157655212375787931e-02 1.163574032131651191e-02 1.167519606284562680e-02 1.170047253886345728e-02 1.171042968104089345e-02 1.169562079733688781e-02 1.168613366385214819e-02 1.164917056438463661e-02 1.163655872853462669e-02 1.159896564179162953e-02 1.157374854462247041e-02 1.153627611459425752e-02 1.150138021505398185e-02 1.147517845421449148e-02 1.145258543738716418e-02 1.146462782200891040e-02
7.500000070000001351e-01 9.999998599999970761e-02 4.352987752938520481e-13 1.773897567848910922e-02 1.796965811792520032e-02 1.817778119894209940e-02 1.838555227063726205e-02 1.852775491199027541e-02 1.860575811910211361e-02 1.861302289968887191e-02 1.854126242026685883e-02 1.845384579060672589e-02 1.831166377249410573e-02 1.819676290408142952e-02 1.803191048832933352e-02 1.788430022377782494e-02 1.773157992342780029e-02 1.761069064274856100e-02 1.753908275882438278e-02 1.751798264554813370e-02 1.760464902486598079e-02
8.500000045000000171e-01 1.000000089999999453e-01 5.664623450356000605e-13 3.603739121239339649e-02 3.688756080268492527e-02 3.764305589482573600e-02 3.830317816614368237e-02 3.870791388799377231e-02 3.885762469566749616e-02 3.876145287425552394e-02 3.843675762500609744e-02 3.803481562157775414e-02 3.748821378782404151e-02 3.697331608702209005e-02 3.635340053516512848e-02 3.579366363214619984e-02 3.528122466894966641e-02 3.492707008394037305e-02 3.480111576482740332e-02 3.492431312162502799e-02 3.539391636951116915e-02
9.500000044999999949e-01 9.999999100000001029e-02 6.048656935338738867e-13 1.246522587527712327e-02 1.314025940278370184e-02 1.369061718429328070e-02 1.408237947319262474e-02 1.424271821797716726e-02 1.417106445203971700e-02 1.390422074009241456e-02 1.352688395209704526e-02 1.313044622644839524e-02 1.268612933516023028e-02 1.224735325512026421e-02 1.179159908838277315e-02 1.140629903792406141e-02 1.111235023858482725e-02 1.096397750614938084e-02 1.100723684494077717e-02 1.128942212036817064e-02 1.182237737646856142e-02
1.049999999449999999e+00 9.999999889999999780e-02 5.870947286854918867e-13 2.264592759727310223e-01 2.335325927299609361e-01 2.396184392087273574e-01 2.445310291327557062e-01 2.471909621079126651e-01 2.476875732956524967e-01 2.462974453192714186e-01 2.433083799608092845e-01 2.397073534194319178e-01 2.351075844716512264e-01 2.306336250005463218e-01 2.255218535433525240e-01 2.209370818061106301e-01 2.169454313771699561e-01 2.144385165434308238e-01 2.140551894937055000e-01 2.159618169594815229e-01 2.205548823325864383e-01
1.150000001850000064e+00 1.000000058999999109e-01 5.516188505353799982e-13 2.372931655917964039e-02 2.529766344295998268e-02 2.652412645872853289e-02 2.728554075036916660e-02 2.737188874152780144e-02 2.683846729317235918e-02 2.599157085700854949e-02 2.518309722751150420e-02 2.443538298543547829e-02 2.353224918028969451e-02 2.258631247831734828e-02 2.162552084994750004e-02 2.079052462958787956e-02 2.006385690914146494e-02 1.959887624322962513e-02 1.969362211511713548e-02 2.058641635976779516e-02 2.209439754427379443e-02
1.250000001749999923e+00 9.999999390000002819e-02 5.155032636623057289e-13 6.575405802380067666e-01 6.787959513448814652e-01 6.963336803301843903e-01 7.099186363562338675e-01 7.168224605596736909e-01 7.172830460778489847e-01 7.118365539861485347e-01 7.017885026246226676e-01 6.904802596420418492e-01 6.766279676889146444e-01 6.631337744935534850e-01 6.478110288540043227e-01 6.343880581412959518e-01 6.233940580513139817e-01 6.172256634749442306e-01 6.172185883203045176e-01 6.240222769675897174e-01 6.389455285153194941e-01
1.350000003549999938e+00 1.000000097000000032e-01 4.468734994634523998e-13 3.584692820088033333e-02 3.863613840183997838e-02 4.077362774970036408e-02 4.214881618971026006e-02 4.248986007150373778e-02 4.190673755724831639e-02 4.089994427183574199e-02 3.991548828190976533e-02 3.863581356117510440e-02 3.661154253654926721e-02 3.415472897889523796e-02 3.158671868310805597e-02 2.936448429723930581e-02 2.765008445603020157e-02 2.680141416976090929e-02 2.735099804369596835e-02 2.955712208938093485e-02 3.271739924028000540e-02
1.450000000449999993e+00 9.999998410000010551e-02 3.843628115686187105e-13 1.848955352573286928e-02 2.040156993832921428e-02 2.210006967877525472e-02 2.377674794311654405e-02 2.530251322232414044e-02 2.649132473161090739e-02 2.727461739108877695e-02 2.761051562209086360e-02 2.695178160139502857e-02 2.487695041423628253e-02 2.172493041745337736e-02 1.819977694401702512e-02 1.512323486047814636e-02 1.293952118182310242e-02 1.191001303166173281e-02 1.223370741994690876e-02 1.392416310246564690e-02 1.627076263620404542e-02
1.549999996249999956e+00 1.000000075000000432e-01 3.628555734487167187e-13 1.426846221471915310e+00 1.468037133828280494e+00 1.499872907259943711e+00 1.522075620277342001e+00 1.528555135794206432e+00 1.520882611529226436e+00 1.503464559303912651e+00 1.481843282209195145e+00 1.462263991613456326e+00 1.439818113777421971e+00 1.419275624143840675e+00 1.395259353296736116e+00 1.374227960574954110e+00 1.355305980111818354e+00 1.343128364927351770e+00 1.342645007296015214e+00 1.357355636211244443e+00 1.389123298974783038e+00
1.650000005949999959e+00 1.000000118999999632e-01 3.491824979799630083e-13 2.181484088750751393e+00 2.268907555952087485e+00 2.339778548190420970e+00 2.392141403074552919e+00 2.415096545112523252e+00 2.409987979605420438e+00 2.382369659042054444e+00 2.338604894396612011e+00 2.286375408366294160e+00 2.220723771990520845e+00 2.154369691625901417e+00 2.085278093134862232e+00 2.028374868196010539e+00 1.985939543139631613e+00 1.967203178658895713e+00 1.979363440923748607e+00 2.023985756749901554e+00 2.098091062475326396e+00
1.749999998750000119e+00 9.999997370000013319e-02 2.869704739599374185e-13 8.310341257802105197e-01 8.814060970819718177e-01 9.225684273171925742e-01 9.526300914804229913e-01 9.649379710276231314e-01 9.599417852381543215e-01 9.443145639597975149e-01 9.247069385065139757e-01 8.993306579046952409e-01 8.612562948605803070e-01 8.169338861044438405e-01 7.711781364341502298e-01 7.325816240550975245e-01 7.027724198010164569e-01 6.872801848396498103e-01 6.940439274541020387e-01 7.270135982574341682e-01 7.780593483892302986e-01
1.849999991850000081e+00 1.000000124999997908e-01 2.219710997559836794e-13 1.078040571040734807e-01 1.316161813320142759e-01 1.582728449253104352e-01 1.899031278935241207e-01 2.233722128825675057e-01 2.535721471321705778e-01 2.766172375881891798e-01 2.902269779250251647e-01 2.868807225294370267e-01 2.604631266019266644e-01 2.154148305741365732e-01 1.631037200767573025e-01 1.151835541149059811e-01 7.811447351504907655e-02 5.529646931938937693e-02 4.923859431171784956e-02 6.117058931538419536e-02 8.377416956520868097e-02
1.949999999050000099e+00 1.000000019000000240e-01 1.878759087262599914e-13 3.948883506908130170e-01 4.444479044167707338e-01 4.929442635387771277e-01 5.434212994187093138e-01 5.908401177863793485e-01 6.288955657289860834e-01 6.537977112481693220e-01 6.632750091702533934e-01 6.467757404562830548e-01 5.943629192370617487e-01 5.144721658191570013e-01 4.250722584241397040e-01 3.458393932879844646e-01 2.873796045173057090e-01 2.561582618220046847e-01 2.567412365711925770e-01 2.897902344987937640e-01 3.419104416639401900e-01
2.049999991600000016e+00 9.999998320000003105e-02 1.704896926716234454e-13 5.726531610285719331e+00 5.866505519148343950e+00 5.971198036724973512e+00 6.042413387468522856e+00 6.057509042744936067e+00 6.028778852411607936e+00 5.978075828077507481e+00 5.917788344527147970e+00 5.859772445567635657e+00 5.780999636298581379e+00 5.703888501353797658e+00 5.611109987440617175e+00 5.528286239771674992e+00 5.451354118356419143e+00 5.403707381106592322e+00 5.409480654367794905e+00 5.474250437933164015e+00 5.594789023546968387e+00
2.150000002600000126e+00 1.000000388000001905e-01 1.582916525364899436e-13 1.053715912230446250e+01 1.088444646301208074e+01 1.116398714631000288e+01 1.137713371986860089e+01 1.147216764555009760e+01 1.145293571352168804e+01 1.134647804950370897e+01 1.118293292094712044e+01 1.099031341936535355e+01 1.073159370290564318e+01 1.046336630657765276e+01 1.017818073418721347e+01 9.945503854312590875e+00 9.767390016953457987e+00 9.680631663731412928e+00 9.720413603346523601e+00 9.899235448784905245e+00 1.020381578169785364e+01
2.250000007549999737e+00 9.999997109999947398e-02 1.463278584715465038e-13 7.871937719268431444e-01 8.917073849209582459e-01 1.021672988630537571e+00 1.192312236154490890e+00 1.386220168264560737e+00 1.573571006461593980e+00 1.726392555680640983e+00 1.823514829118057401e+00 1.825468432330537460e+00 1.697161533571361680e+00 1.461968027730171871e+00 1.183444662930912994e+00 9.260828905297683322e-01 7.241009909237597908e-01 5.954233420303409741e-01 5.501954484114036648e-01 5.911350089680421638e-01 6.855490935989033696e-01
2.349999986949999897e+00 9.999998770000040338e-02 1.221728999664105110e-13 1.132470871793853195e+00 1.273704172979362337e+00 1.457848779904864722e+00 1.708939051180987878e+00 2.003536445084263207e+00 2.297967647628974763e+00 2.546249501574870511e+00 2.709782646825107388e+00 2.731995029661089536e+00 2.560184866158418782e+00 2.224737644823384652e+00 1.817493056764763582e+00 1.433815725483228221e+00 1.126829450295832702e+00 9.254207861385780332e-01 8.434121815125346089e-01 8.820421801926519034e-01 9.998038913107907266e-01
2.449999990400000272e+00 1.000000191999999011e-01 9.523077846134986441e-14 1.691674064667627819e+00 1.939144156827623089e+00 2.246153072989983013e+00 2.642525290106727098e+00 3.089541036732429635e+00 3.522019348723681276e+00 3.874060642692878087e+00 4.092007708902927199e+00 4.093315556409025113e+00 3.801518578399331716e+00 3.269596933264639738e+00 2.636741871902245293e+00 2.046139337868688735e+00 1.578113280903235660e+00 1.277850282954325678e+00 1.167830176723129165e+00 1.250127176636723680e+00 1.458557691727409678e+00
2.550000015600000225e+00 1.000000312000004499e-01 7.696486986909129835e-14 8.327007453999081266e-01 1.132568278749072954e+00 1.589232332877302145e+00 2.254236338732569678e+00 3.073691522399858211e+00 3.931448584532947432e+00 4.685803640050572483e+00 5.212151016240283319e+00 5.366392258097851808e+00 5.017785256767358426e+00 4.232729694539768772e+00 3.230545432837276909e+00 2.238734539805142809e+00 1.403244570317867979e+00 8.075370348888527561e-01 4.852173297556952591e-01 4.415426483675898850e-01 6.011676084937707110e-01
2.650000016949999981e+00 9.999997149999950707e-02 7.191438556541753605e-14 8.328495923058484296e-01 1.195935146897989743e+00 1.768801002888862772e+00 2.622408150575139540e+00 3.700772357330590179e+00 4.863775173023312526e+00 5.925037776928518518e+00 6.707375029572862246e+00 7.012675178709290691e+00 6.650279730397843814e+00 5.682942982856850733e+00 4.384187170515063237e+00 3.050718479064004285e+00 1.890346299879155145e+00 1.032976831203163304e+00 5.359179673253788856e-01 4.099411361625396322e-01 5.664906692629605445e-01
2.749999990150000073e+00 9.999997490000023248e-02 6.266512532771590528e-14 1.162971532819088605e+00 1.650690523350551109e+00 2.407407858532856881e+00 3.530690309269317151e+00 4.958968319570022487e+00 6.518974452903541383e+00 7.966776753299051883e+00 9.058919864377175557e+00 9.527232094142524588e+00 9.101563817816023416e+00 7.845090344542512639e+00 6.110479177879235557e+00 4.295788074144796909e+00 2.693810447890200521e+00 1.496772414162792053e+00 7.932822331776356872e-01 5.993621715053960575e-01 8.019587360553943611e-01
2.849999972850000063e+00 9.999999050000019096e-02 5.474353573805181617e-14 2.359868189836403118e+00 3.070191367685974893e+00 4.072535908847443764e+00 5.478688865752936010e+00 7.206920969121776821e+00 9.052130534083309144e+00 1.073581443832221360e+01 1.197978125579930264e+01 1.246442263127060279e+01 1.185711368726195403e+01 1.023993225782040106e+01 8.049995626234508705e+00 5.784127067422190294e+00 3.803497300164128792e+00 2.350348118158849253e+00 1.544007142565928747e+00 1.406616696707212677e+00 1.785180497959061086e+00
2.949999999050000543e+00 1.000000619000003255e-01 4.882222156918780427e-14 5.794744225860247511e+00 6.900138344613087504e+00 8.216604560210853947e+00 9.816255510054107347e+00 1.155167075861341353e+01 1.319679839995160897e+01 1.452095851561670337e+01 1.533084699949754715e+01 1.534107879215117265e+01 1.425096044263912987e+01 1.223290138399003624e+01 9.782704496436602781e+00 7.426797577646415682e+00 5.494858848863930056e+00 4.203173418199760647e+00 3.675284366430124017e+00 3.941272050371180669e+00 4.781353874173569274e+00
3.049999991750000916e+00 9.999992349999997643e-02 4.426298603049980901e-14 1.008109904988297423e+01 1.156511644459015464e+01 1.317984835140952704e+01 1.498182756188475473e+01 1.678231081584380746e+01 1.834802097282856792e+01 1.948098519836229769e+01 2.003400828491789554e+01 1.973049016768150921e+01 1.825392794345603775e+01 1.583914471796714096e+01 1.303956511688190822e+01 1.044415304789658983e+01 8.394555537725459260e+00 7.121872007205055866e+00 6.770481790801070154e+00 7.372224733422584109e+00 8.644624436585655047e+00
3.149999976750000208e+00 1.000000464999994954e-01 4.092367406224517573e-14 1.092188793957403625e+01 1.237595226055931263e+01 1.414922400187929696e+01 1.636266979645394315e+01 1.880448484320206148e+01 2.115856544226799585e+01 2.308845204404830298e+01 2.429707020235926507e+01 2.440176600635372139e+01 2.296056353427400509e+01 2.019483902774767259e+01 1.680524880295423173e+01 1.353547684165455856e+01 1.083507532780132543e+01 9.008167769781243450e+00 8.222583494548940664e+00 8.508773919770241889e+00 9.595343532792030672e+00
3.250000016500000477e+00 1.000000330000001547e-01 3.830963853034493111e-14 7.911019541167966906e+00 9.438809444092033374e+00 1.152524706659198372e+01 1.432685665617425386e+01 1.758976606985804736e+01 2.088590484921926915e+01 2.372773087394335079e+01 2.567785256032938079e+01 2.622544778695042211e+01 2.478838204264851086e+01 2.156895218914233681e+01 1.744509581831845679e+01 1.332239028745602916e+01 9.782138049107199862e+00 7.216830344055867208e+00 5.845902003744448905e+00 5.740081794528212100e+00 6.636524530060601279e+00
3.349999999500000492e+00 9.999993299999987428e-02 3.610829415718221538e-14 6.322348164043750884e+00 7.767866449375280702e+00 1.001782511065214010e+01 1.330091243506759113e+01 1.735129271112810656e+01 2.164976217172112527e+01 2.554680235199877814e+01 2.842574095226308728e+01 2.964439253337248914e+01 2.845343913331479868e+01 2.496247405558622390e+01 2.020202591111239698e+01 1.524634151044558550e+01 1.082330260345796447e+01 7.435724830860968027e+00 5.361140458105731810e+00 4.703143238381930047e+00 5.246154392052050142e+00
3.449999956750000596e+00 9.999998150000077857e-02 3.398270158181024673e-14 8.122484068089002918e+00 9.820984423714021361e+00 1.239221789513347716e+01 1.605309397940046523e+01 2.047805402997580160e+01 2.508264577912568427e+01 2.916419309967707463e+01 3.208082538619759561e+01 3.315728944750438245e+01 3.161459588190503567e+01 2.765791211851574261e+01 2.242256474591130555e+01 1.706705212379705827e+01 1.235332515134843057e+01 8.799192088464428352e+00 6.686039430257617155e+00 6.119168812768508658e+00 6.843488906065250177e+00
3.549999959350000900e+00 1.000000236999993852e-01 3.180128861117769434e-14 2.095511588574674633e+01 2.333492731702807177e+01 2.630263447539311983e+01 3.001645801643816114e+01 3.408391736840286512e+01 3.797818136321247096e+01 4.114772074794001355e+01 4.310854824219465797e+01 4.327148212521858994e+01 4.091967903862354206e+01 3.644570653406152871e+01 3.097827628851546322e+01 2.569301101786307839e+01 2.128285307344033228e+01 1.824349704942319050e+01 1.685971059648811732e+01 1.719670473019872503e+01 1.886115599830687373e+01
3.649999987450000205e+00 1.000000324999996693e-01 2.975395273337816680e-14 3.488224495184709895e+01 3.791033340293991927e+01 4.133694596160538737e+01 4.528151070650236676e+01 4.926105970606587903e+01 5.277994816610125639e+01 5.540658424913695512e+01 5.677776880224533329e+01 5.632812810426780459e+01 5.331897809705917268e+01 4.831078108107399061e+01 4.244666068841837614e+01 3.696664450829568693e+01 3.252450816069873696e+01 2.964038639513883666e+01 2.865498490571811985e+01 2.964076957874418028e+01 3.207885160649250622e+01
3.750000036050000762e+00 1.000000647000014453e-01 2.777810419460189732e-14 7.591448983305095055e+01 8.041236519866117760e+01 8.481975295318477492e+01 8.916426928106098160e+01 9.277436323557353148e+01 9.530411562756886212e+01 9.662755434117899256e+01 9.663111630481976988e+01 9.499168847679466410e+01 9.093219688804130385e+01 8.523036320582129122e+01 7.885692024677368295e+01 7.313981148751031469e+01 6.862106646059451975e+01 6.593522392692062795e+01 6.558538949263832762e+01 6.765982152268122718e+01 7.158562948255746505e+01
3.850000006900001104e+00 9.999987699999923763e-02 2.578577538292435464e-14 1.125524624627351074e+02 1.179107260486326396e+02 1.228377864324396711e+02 1.273545447042764920e+02 1.306802254964317171e+02 1.325850079669846764e+02 1.331086154858728889e+02 1.322568281821724554e+02 1.298906142561407933e+02 1.252105014895492161e+02 1.191668272879117865e+02 1.125404455366467431e+02 1.067457729580108463e+02 1.022457449253699053e+02 9.975443657623662830e+01 9.984180471279367453e+01 1.025662463718317525e+02 1.073573837611858295e+02
3.949999972700000583e+00 1.000000545999992774e-01 2.368421401483588775e-14 1.404445398062410959e+02 1.460853801810170012e+02 1.510966258167059664e+02 1.555401248970539427e+02 1.585782804255556186e+02 1.600629197924918401e+02 1.601204757145629571e+02 1.588129618585794844e+02 1.561291661681082985e+02 1.512446798942780504e+02 1.452256758535450274e+02 1.386807701035019136e+02 1.330656532356459252e+02 1.287559457861850944e+02 1.264897358634507469e+02 1.268458639651184399e+02 1.298503315466812751e+02 1.349718379522712439e+02
4.049999991800000032e+00 9.999998360000006414e-02 2.144286242101449433e-14 1.969740491232994088e+02 2.026178943133519113e+02 2.073448660003238899e+02 2.113375289514746385e+02 2.136914080621572225e+02 2.144429599571381857e+02 2.138586196299160918e+02 2.120722002742595009e+02 2.093608650580956407e+02 2.048298657375570144e+02 1.996461845910754676e+02 1.939040619917853405e+02 1.890487899852438431e+02 1.852430850043150485e+02 1.832663404209930036e+02 1.837140640494277761e+02 1.865955869386930885e+02 1.916250495304886101e+02
4.149999975000000063e+00 9.999998279999999795e-02 1.950843224154903424e-14 1.626494443693572975e+02 1.659422617462884659e+02 1.686851418512366649e+02 1.712226719406999678e+02 1.729396298971819874e+02 1.738823136952142647e+02 1.741327886004291656e+02 1.735824438456610324e+02 1.723075272632251256e+02 1.695417431266809842e+02 1.661903882230696752e+02 1.622591683324178007e+02 1.588976656699198600e+02 1.562021685284162231e+02 1.547511820881578330e+02 1.549154835723244048e+02 1.565968560001138883e+02 1.596023691749879276e+02
4.249999978900000031e+00 1.000000249999999369e-01 1.775238483540966244e-14 6.163645621779351558e+01 6.068348321515257737e+01 6.040887072425569926e+01 6.179816901610278279e+01 6.479447099370801766e+01 6.898391993549532231e+01 7.349496332300516599e+01 7.730478759678587153e+01 7.957201136515399753e+01 7.939265284157157510e+01 7.702491240439628939e+01 7.336451494493294945e+01 6.980538637025503590e+01 6.688747289448255628e+01 6.491025946424051085e+01 6.374598405337953722e+01 6.305636030831730920e+01 6.254270667322171562e+01
4.349999969300000657e+00 9.999995580000042850e-02 1.541975008599334207e-14 6.619612621185875412e+01 6.500749058723509677e+01 6.467376549236495009e+01 6.649216024821213011e+01 7.059795044918212170e+01 7.662907404667780042e+01 8.350236775754814289e+01 8.971635838149570930e+01 9.387568511901419299e+01 9.441422949659254016e+01 9.137803357797272952e+01 8.601607151665844242e+01 8.023203222064148576e+01 7.507815703095801041e+01 7.130923620323146395e+01 6.902413644524416725e+01 6.782602197253456211e+01 6.721354125127405155e+01
4.449999996100000743e+00 1.000000977999997431e-01 1.350371264694477622e-14 9.911806183090671141e+01 9.995637498262010467e+01 1.011584734363161715e+02 1.039721891527028106e+02 1.084627839767152295e+02 1.143832502552997568e+02 1.207690261326517458e+02 1.262293347991045067e+02 1.295327525485986655e+02 1.290225312423966955e+02 1.247459751101284695e+02 1.178432126489314555e+02 1.105396416608587771e+02 1.041208180826517236e+02 9.965557112643303128e+01 9.743200922931779928e+01 9.709776877753272117e+01 9.812033420711625809e+01
4.550000068500001049e+00 1.000000470000017572e-01 1.234361767321162434e-14 1.455725048001707194e+02 1.504374100573133433e+02 1.547381611502060537e+02 1.590651235496774518e+02 1.629138779885146846e+02 1.660660542285178281e+02 1.681216817159097161e+02 1.685331033137357792e+02 1.669329693786094992e+02 1.622178394107162092e+02 1.553688028649969510e+02 1.473608134028148413e+02 1.402688522636036623e+02 1.349657908842786469e+02 1.323371030807266777e+02 1.326800758192911758e+02 1.356536234018162759e+02 1.405813659782101865e+02
4.650000017800001828e+00 9.999985159999891238e-02 1.152862089146680777e-14 1.391982683781985486e+02 1.465399626919271157e+02 1.532665731909581837e+02 1.597145339925245082e+02 1.650518795011439011e+02 1.688026642360488836e+02 1.705916312658056597e+02 1.700544332837655190e+02 1.667724162481779331e+02 1.595695516682609991e+02 1.497769811244886284e+02 1.389788945697487748e+02 1.296254632229405388e+02 1.227906025853869494e+02 1.194665148801800001e+02 1.201312772061595240e+02 1.245561379354468983e+02 1.317239455135185153e+02
4.750000010200000844e+00 1.000001332000008958e-01 1.077822583787979903e-14 1.327637245499164749e+02 1.412610513231948062e+02 1.492924656371448009e+02 1.571807122641615138e+02 1.640035661342344895e+02 1.691167755751456525e+02 1.719731304227475164e+02 1.720771679935785130e+02 1.688215279736280081e+02 1.607643636150588691e+02 1.492555241952208860e+02 1.363165209018342239e+02 1.247994403611412224e+02 1.161226263516855681e+02 1.115113158982535992e+02 1.115912194545855556e+02 1.162017553390038671e+02 1.241920130320462476e+02
4.850000070250001016e+00 9.999998689999944901e-02 1.001344267108977030e-14 1.327353786317504216e+02 1.427082027965053044e+02 1.521514005690591489e+02 1.612714991879566355e+02 1.689731870123634678e+02 1.744898177343374641e+02 1.772979032885639015e+02 1.770127384090103817e+02 1.729664423598784992e+02 1.635965078368766683e+02 1.504057782405365060e+02 1.357569810493307614e+02 1.227624936544112444e+02 1.129943498647393341e+02 1.077930228922851654e+02 1.079277685498925763e+02 1.133363258173551316e+02 1.226640670375548154e+02
4.950000031850001037e+00 9.999993629999881506e-02 9.277640695760904161e-15 1.321388984686429353e+02 1.439146350252848947e+02 1.552870051176076629e+02 1.662818222025268540e+02 1.755200645767900482e+02 1.820090745550081124e+02 1.851743032714149138e+02 1.846946102392884086e+02 1.797670712045022015e+02 1.686908696920797297e+02 1.532561560206935667e+02 1.362913505867752235e+02 1.212401484278746580e+02 1.098650621598489039e+02 1.036597057518991960e+02 1.035806582733261934e+02 1.096980868269387628e+02 1.204133569322262645e+02
5.050000017849999523e+00 1.000000356999999340e-01 8.583842163904391983e-15 1.238614953471811475e+02 1.372523694090125161e+02 1.507282802110926241e+02 1.642196019386185526e+02 1.760926204517346321e+02 1.850167005127125890e+02 1.901126275415796840e+02 1.908512244604508226e+02 1.860921639699491550e+02 1.737657382068754828e+02 1.558315857386371022e+02 1.357415423212655980e+02 1.174745315995478165e+02 1.032273630300746845e+02 9.481988143018531900e+01 9.346331434281428585e+01 9.940675070916653056e+01 1.108820827772488116e+02
5.150000049049999973e+00 1.000000267000009657e-01 8.015946545373260832e-15 1.125949562704546452e+02 1.270906812557565360e+02 1.423569893564497875e+02 1.583237398698991569e+02 1.731658972077634928e+02 1.851881133987679107e+02 1.930678331944104968e+02 1.958772113318447055e+02 1.920271317680912091e+02 1.790051719993048494e+02 1.588445815011956483e+02 1.356245851112210232e+02 1.139170584456821871e+02 9.644103975713682075e+01 8.539923006857607390e+01 8.225093604134218594e+01 8.739845363577890680e+01 9.897065268312900344e+01
5.249999964950001541e+00 9.999980510000217038e-02 7.544065081657799508e-15 9.809638818158563822e+01 1.141928162260408186e+02 1.319535748772568979e+02 1.511966336273386275e+02 1.697857883618409289e+02 1.855575015757989661e+02 1.966904564736556722e+02 2.018618657842615391e+02 1.989937632037804178e+02 1.850275756727646694e+02 1.621363987572389647e+02 1.351268488232924483e+02 1.092168553177841233e+02 8.771633861637177176e+01 7.329716724979873277e+01 6.777949067292172458e+01 7.184883350759396592e+01 8.356015493174508890e+01
5.349999863550003454e+00 9.999999210000076744e-02 7.080673639950620536e-15 1.045434044181564985e+02 1.210918162188831388e+02 1.394709961732894783e+02 1.595574076375544621e+02 1.791432023614423770e+02 1.959531668839142071e+02 2.080081229410924664e+02 2.138371473558157447e+02 2.112482213553594761e+02 1.969744590318665018e+02 1.732247638368628770e+02 1.450178339124473155e+02 1.178491050039416308e+02 9.521039620166155260e+01 7.991939233712687951e+01 7.386876569376958912e+01 7.777139357805461373e+01 8.966760906941372866e+01
5.449999957300001974e+00 1.000001953999962723e-01 6.574255019120580791e-15 8.408236744680614549e+01 1.019126743351928184e+02 1.231904044270171283e+02 1.477419220315940720e+02 1.729481909353226570e+02 1.958091543970160728e+02 2.134673732799081449e+02 2.237118916015857337e+02 2.235915550601335724e+02 2.089275936749070013e+02 1.820254100104205008e+02 1.489078712888821769e+02 1.159622140271687414e+02 8.750440986847820568e+01 6.700708128032087529e+01 5.684243904738088560e+01 5.815537485951358576e+01 6.907201508157253045e+01
5.550000005100000244e+00 9.999990020000026902e-02 6.165054779824260121e-15 7.953737788415445209e+01 9.810205479650124971e+01 1.208611945432574970e+02 1.476648585594397218e+02 1.757111156107158365e+02 2.016663473632003729e+02 2.222386779308527025e+02 2.348344768034760079e+02 2.361414770982966616e+02 2.214238205925006184e+02 1.929556866140160878e+02 1.572412675822349684e+02 1.211833990986839780e+02 8.956217848591218456e+01 6.624076581450195533e+01 5.387077576175148153e+01 5.383190786115779503e+01 6.433582251062111368e+01
5.649999920600000891e+00 9.999993080000191270e-02 5.876676593661604876e-15 7.314608873460821314e+01 9.214588943336093507e+01 1.161456031061588590e+02 1.449950996179721869e+02 1.757119406618514859e+02 2.046448183582819240e+02 2.281007816993651431e+02 2.431433682544475801e+02 2.461630786912609494e+02 2.318550293237086635e+02 2.023443498607688014e+02 1.645420226882654617e+02 1.257521558980923118e+02 9.115061664820507303e+01 6.496445771914295619e+01 5.014889739038507344e+01 4.838358381339348568e+01 5.808629847001531488e+01
5.749999995200002267e+00 1.000002183999999517e-01 5.536953112197826834e-15 6.972383870746079992e+01 8.934536243010808221e+01 1.146649402769642592e+02 1.455339017944254749e+02 1.787945333830973311e+02 2.105095563101643279e+02 2.366331888072561185e+02 2.539314863975354797e+02 2.585699979152249739e+02 2.446890177817206222e+02 2.141823337398758724e+02 1.743165226848063014e+02 1.328052340983607564e+02 9.522088076239920440e+01 6.617113468663995945e+01 4.893934203693139295e+01 4.552086246706977590e+01 5.457999388385844952e+01
5.849999972550003591e+00 9.999973630000269509e-02 5.255081747961382133e-15 6.652674706925203907e+01 8.658509765807845326e+01 1.130288671519952004e+02 1.457079799682232135e+02 1.813052553567294751e+02 2.156112932374053059e+02 2.442319478776097696e+02 2.636325668063115586e+02 2.697825404858497791e+02 2.563621772867433037e+02 2.250551575305873371e+02 1.834320238584621734e+02 1.395525737699170747e+02 9.933371908528557981e+01 6.771060393819121259e+01 4.824111146181213172e+01 4.319097066235945448e+01 5.147869448016848537e+01
5.949999860350003722e+00 1.000000392999975674e-01 5.002453643267276487e-15 7.577048314781191607e+01 9.727353596269058755e+01 1.249253969865569758e+02 1.584413948664634972e+02 1.943520595111233149e+02 2.284304131466934678e+02 2.564138920437569027e+02 2.749366728976285685e+02 2.799852343492113391e+02 2.652602687861311779e+02 2.326430191268806880e+02 1.898470201662210854e+02 1.450846521650212821e+02 1.043279712228959113e+02 7.259721293328358627e+01 5.356736370399524105e+01 4.954310144521100057e+01 5.923041095613744744e+01
6.049999869850003265e+00 9.999997970000062963e-02 4.697290070660030689e-15 8.789190506231561528e+01 1.110551072334333753e+02 1.401349449609198246e+02 1.747213171040675093e+02 2.111641790240069838e+02 2.451843794783896442e+02 2.726020022516154881e+02 2.901858213716188288e+02 2.939454669607505366e+02 2.775871086568011492e+02 2.432676640635695833e+02 1.989180694234689213e+02 1.529848968423235931e+02 1.115299471169337551e+02 7.966969473863723294e+01 6.117037839538563304e+01 5.833903263440932108e+01 6.964765775844975337e+01
6.149999979450002208e+00 1.000002394999981448e-01 4.474700045142020906e-15 1.010606410485336397e+02 1.265643637937050840e+02 1.573162189411215195e+02 1.926252778783948827e+02 2.286661668023123468e+02 2.612517943049224414e+02 2.865751007102996368e+02 3.018561057277468649e+02 3.033593391764453600e+02 2.849895289887032277e+02 2.491735232778802356e+02 2.038171758170363717e+02 1.574093304657811814e+02 1.159808780911625092e+02 8.468867317154195007e+01 6.743026535751661754e+01 6.656165753242193261e+01 8.029526116714981754e+01
6.250000024400000243e+00 9.999985039999881309e-02 4.280363509562265184e-15 1.365635306494435213e+02 1.624801457015904873e+02 1.918982137790151796e+02 2.241837215524135161e+02 2.557923400263158271e+02 2.832067347412589697e+02 3.034332919912437774e+02 3.142931452268821317e+02 3.125748275716834428e+02 2.928556396736038323e+02 2.577591876682945440e+02 2.146721300581810681e+02 1.717056417335655567e+02 1.343918950295800983e+02 1.075266099129904518e+02 9.466310314823682859e+01 9.761365826344245988e+01 1.141207864642489795e+02
6.349999974800000224e+00 1.000000504000002621e-01 4.028317107822997597e-15 1.254227549498485246e+02 1.523708549157066727e+02 1.841311510621612229e+02 2.200046882285090533e+02 2.560895055522573216e+02 2.882902080495075552e+02 3.129469515463964626e+02 3.273547940479178919e+02 3.278045198123742239e+02 3.081012121014680361e+02 2.708328127864741077e+02 2.240883492205632876e+02 1.766376988712038383e+02 1.346290276243335882e+02 1.033861677548133713e+02 8.690150503747098298e+01 8.743235824922659560e+01 1.029432813592776625e+02
6.450000081250002459e+00 1.000001625000042083e-01 3.660786955160471493e-15 8.192477611184696684e+01 1.068461849865989706e+02 1.408830946802736719e+02 1.837996505298039267e+02 2.312828534090970436e+02 2.778450990430885668e+02 3.176188053493264078e+02 3.457406984939021868e+02 3.571234332919374310e+02 3.432693904793669617e+02 3.051586151713279946e+02 2.522439348221738555e+02 1.947771397968017197e+02 1.405529445851043704e+02 9.635115816312328718e+01 6.725168024880350970e+01 5.669835948518027635e+01 6.426865227007121462e+01
6.550000114250002170e+00 9.999990349999610117e-02 3.347381918701667106e-15 9.490192820414864627e+01 1.223839613258700894e+02 1.588117511175380514e+02 2.038477825707846591e+02 2.529621176639235500e+02 3.005437791077851557e+02 3.407062139483268197e+02 3.686664321419286807e+02 3.791447927177364932e+02 3.631225211871570764e+02 3.220461075849101462e+02 2.658332491143234506e+02 2.053202601778105816e+02 1.487079723503269975e+02 1.031375994257037547e+02 7.395809857234296203e+01 6.475014056929151707e+01 7.471711503886818662e+01
6.650000063150001139e+00 9.999999430000006129e-02 3.103759814899495378e-15 1.081788955708479705e+02 1.373196603166956891e+02 1.751821078321927132e+02 2.213866197657577004e+02 2.713162542300105997e+02 3.193511993282152162e+02 3.596348352667131394e+02 3.873973497756539359e+02 3.972653747078896913e+02 3.800039571283563760e+02 3.372154090739009007e+02 2.790381663419238976e+02 2.166764146195609158e+02 1.586079056837406824e+02 1.122389976146200752e+02 8.309956856300689765e+01 7.479325247217829542e+01 8.629711448456333756e+01
6.750000111750003029e+00 1.000001029000037178e-01 2.865681166525173658e-15 1.263715840405598811e+02 1.580705214574950617e+02 1.986781984860392640e+02 2.477318619005142466e+02 3.002554904889724412e+02 3.503205510382240959e+02 3.918366621378349919e+02 4.198976409120380140e+02 4.288933487506540132e+02 4.092063199856694951e+02 3.628948475782359537e+02 3.007872781671430857e+02 2.348098331629205973e+02 1.738609407072683268e+02 1.256985283009686611e+02 9.607989745513100388e+01 8.867876500959307862e+01 1.021622463322941030e+02
6.849999991900004304e+00 9.999965740000060777e-02 2.764431591629071475e-15 1.351920674516520080e+02 1.671476949697444070e+02 2.077602942068694176e+02 2.565278552691820551e+02 3.084612658715425937e+02 3.577397796520738211e+02 3.984361884571886208e+02 4.257477955056260726e+02 4.341103463991603348e+02 4.140776384772667598e+02 3.677556346479913145e+02 3.058943243546797817e+02 2.403515635466943934e+02 1.799257517971273899e+02 1.323483232052610390e+02 1.033743257090866763e+02 9.660434175296514070e+01 1.105848598045371176e+02
6.949999980300003877e+00 1.000003193999976503e-01 2.603145797300359099e-15 1.614870249714211070e+02 1.957570821053128896e+02 2.378485179982082798e+02 2.871509714047241459e+02 3.385175469822472678e+02 3.861926728371307718e+02 4.245173950288547076e+02 4.489863836302300228e+02 4.541227126901525253e+02 4.307741082811103865e+02 3.818108824751287784e+02 3.182282012418996260e+02 2.521615614453192507e+02 1.923792830495443127e+02 1.465319863324870653e+02 1.202409017597604475e+02 1.167943193277114489e+02 1.340823429418174442e+02
7.050000080650001166e+00 9.999988129999692887e-02 2.519389257589512282e-15 1.566600365222899995e+02 1.898106325909158727e+02 2.315678716671580446e+02 2.815218361918586538e+02 3.345722128469041650e+02 3.848123690032372224e+02 4.261842704398136448e+02 4.537019864173578867e+02 4.616382801960039046e+02 4.403345454076338683e+02 3.921099139937186919e+02 3.280916466308245845e+02 2.606279129165703807e+02 1.987807068411273121e+02 1.505017399604561490e+02 1.216158382791806361e+02 1.156111990087784562e+02 1.308038761895573714e+02
7.149999981849999742e+00 9.999992110000111012e-02 2.389968031761321319e-15 1.663147147709736942e+02 2.004112519951443119e+02 2.432172494077918827e+02 2.943117398877582787e+02 3.484183895788127643e+02 3.994878768901452304e+02 4.413584715835943939e+02 4.689688114533196881e+02 4.764919978308208215e+02 4.542149763833246539e+02 4.045823191785598283e+02 3.390330782159185787e+02 2.702155272753092845e+02 2.073164944090720212e+02 1.583992701627700512e+02 1.293619973587947243e+02 1.236958491001637128e+02 1.395875622953189463e+02
7.250000007700000637e+00 1.000001305999997925e-01 2.259063461763062549e-15 1.779491713560825019e+02 2.125722213054158090e+02 2.558799859354856210e+02 3.076239030637167389e+02 3.624876786570806075e+02 4.143664081233419552e+02 4.569891951271565063e+02 4.851409590654712360e+02 4.927890665068031808e+02 4.698860999926855015e+02 4.190060035287875166e+02 3.519116609713354933e+02 2.816706336261447063e+02 2.176798120697196453e+02 1.681699102331294000e+02 1.390989970529827531e+02 1.338993102547406693e+02 1.505608935807385933e+02
7.349999903300004966e+00 9.999966060000886614e-02 2.158737443121118426e-15 1.734314497942939397e+02 2.073555223021334371e+02 2.510914352307598563e+02 3.046251669041999435e+02 3.625228731931819084e+02 4.183585235479306448e+02 4.653306512141206213e+02 4.975923860812904422e+02 5.087975474467322101e+02 4.883188644581830431e+02 4.378070545438735621e+02 3.693112291596089563e+02 2.963541706339984216e+02 2.287586909410223086e+02 1.752350898424997467e+02 1.421722402800295981e+02 1.333766715873910869e+02 1.474543198124541163e+02
7.449999960550007572e+00 1.000004538999954562e-01 2.071297114136873441e-15 1.708200958406871450e+02 2.048219504800946424e+02 2.493879358868174734e+02 3.044407430358502324e+02 3.644223622733066463e+02 4.226977994077216181e+02 4.721668242386985526e+02 5.066712598893893187e+02 5.197520516964930266e+02 5.005303613362191868e+02 4.500969015544765170e+02 3.806437935677274709e+02 3.058461137568228310e+02 2.358077375843301979e+02 1.795760011959860378e+02 1.438619294641403030e+02 1.327816841260302283e+02 1.453743958038475057e+02
7.550000017750003067e+00 9.999966049999731155e-02 1.963879549196719463e-15 2.228773504826792475e+02 2.593412491447091384e+02 3.037155750902936120e+02 3.556888977693736820e+02 4.097853760543907242e+02 4.600660956452445589e+02 5.005820608679493944e+02 5.263777986495819050e+02 5.316930006304595508e+02 5.067774091573792248e+02 4.545028310055946008e+02 3.865993130867532273e+02 3.162977898653396096e+02 2.528705712139255866e+02 2.045538351479873995e+02 1.772908942892147763e+02 1.743014119482314470e+02 1.932970021367419804e+02
7.649999920150001742e+00 1.000001442999982615e-01 1.867747166649252706e-15 1.999262077873376597e+02 2.361110038697956099e+02 2.821684154948554806e+02 3.384743772356277418e+02 3.993350391255565910e+02 4.580822163692067761e+02 5.076700726281305265e+02 5.419280883688011272e+02 5.540246425537829964e+02 5.324334494286184736e+02 4.786500082552198023e+02 4.054853992010630463e+02 3.276954920628029981e+02 2.557603777049452844e+02 1.990290018044637748e+02 1.643839458140259069e+02 1.558144225627638093e+02 1.716544442828299850e+02
7.749999941550001381e+00 9.999989850000101654e-02 1.793711133870519117e-15 2.027431967789627834e+02 2.377573567815885269e+02 2.834925902356480378e+02 3.401085946144938248e+02 4.018689804626405930e+02 4.620180105930294303e+02 5.132662621677302468e+02 5.491111150310894118e+02 5.628548115368043909e+02 5.432851691805916516e+02 4.911721763725252003e+02 4.192146897688110698e+02 3.417678858413245848e+02 2.692653283726531299e+02 2.111453726497525167e+02 1.743835809929330196e+02 1.630926433501649342e+02 1.762600740603647012e+02
7.849999898000001863e+00 1.000000143999999480e-01 1.717235923365322253e-15 2.541409952662285718e+02 2.919202615130548111e+02 3.375948325997734401e+02 3.909445573713429667e+02 4.463854166390131013e+02 4.979674057057899290e+02 5.396729464658371853e+02 5.663575106051897592e+02 5.722656249124750047e+02 5.473817648118207444e+02 4.941507657369788831e+02 4.244230880882515180e+02 3.518977950638929997e+02 2.861732523387481137e+02 2.359137909070458079e+02 2.073854146127943920e+02 2.039148420810012965e+02 2.233837546252506456e+02
7.949999952600000697e+00 1.000000947999986067e-01 1.636435912376984408e-15 2.998351139806580932e+02 3.385646837233830411e+02 3.835590696380949112e+02 4.345980092084559487e+02 4.861746567637244425e+02 5.328173243167756254e+02 5.692483929061266963e+02 5.910628586032829617e+02 5.930881710566176253e+02 5.658919098537650143e+02 5.126377401694857099e+02 4.446526070050899762e+02 3.753432452452988741e+02 3.137185905115507580e+02 2.679607025460668979e+02 2.439368330698616489e+02 2.445337359050069210e+02 2.671380119189145148e+02
8.050000004050000157e+00 1.000000081000003149e-01 1.548342527152782251e-15 3.086258209520665901e+02 3.474969019244702508e+02 3.930960110046752334e+02 4.453572144421887629e+02 4.986389871730751793e+02 5.472511305856755826e+02 5.856045714696999767e+02 6.089672277134973228e+02 6.119524697209826627e+02 5.848617127453530884e+02 5.307390523414593417e+02 4.612427123389616668e+02 3.901889687746597701e+02 3.268098991278259291e+02 2.794863241082210266e+02 2.542004340088851393e+02 2.538959892512587828e+02 2.760409619092403091e+02
8.149999987650000222e+00 9.999995909999981336e-02 1.470022940234707848e-15 3.467100137354030380e+02 3.846054043547494530e+02 4.286309861155907015e+02 4.788147568374961907e+02 5.295987993444539370e+02 5.755395003246003398e+02 6.112962468379961365e+02 6.323467379523756335e+02 6.336989708014466487e+02 6.061821003823358751e+02 5.532772546663801450e+02 4.861582856129469405e+02 4.182588641886799792e+02 3.582636489127030472e+02 3.140906398894985614e+02 2.912682675422460079e+02 2.923397372089945634e+02 3.147228108689879491e+02
8.249999904750001889e+00 9.999987510000174495e-02 1.420649682367507240e-15 4.211409392929652427e+02 4.575862492963892691e+02 4.974207138404553348e+02 5.408280357923622432e+02 5.827580053100970190e+02 6.188925207278100515e+02 6.452468969477115479e+02 6.584959729386774825e+02 6.549336015629306758e+02 6.267181386766160358e+02 5.778217909580661171e+02 5.178124169681525473e+02 4.589163600393931119e+02 4.084227076598533017e+02 3.731610109918826765e+02 3.577580218110912256e+02 3.639251336267581109e+02 3.888103886993065430e+02
8.349999887550001887e+00 1.000000904999982509e-01 1.340886246002590607e-15 4.819616757072308246e+02 5.181497050061874461e+02 5.559846913201014331e+02 5.958284715066010904e+02 6.328610983010477185e+02 6.633820788988083450e+02 6.841368565736055416e+02 6.924375717542236544e+02 6.852267291006472760e+02 6.553483211499666368e+02 6.075252463919994170e+02 5.505691193153511449e+02 4.962749840203929352e+02 4.511773151772134156e+02 4.214817457491458299e+02 4.111967236446619722e+02 4.213782472445788585e+02 4.487419679557357881e+02
8.449999923900000098e+00 9.999998219999994831e-02 1.290102527188355902e-15 5.381920700034161200e+02 5.739150105646117481e+02 6.095695045323968770e+02 6.454848888061617345e+02 6.770210334315845557e+02 7.011347888083447515e+02 7.154715282529811020e+02 7.181935457884079597e+02 7.071506748007664100e+02 6.761711412569308095e+02 6.305642143811841152e+02 5.780561108785375382e+02 5.296098780446840237e+02 4.907606419933488269e+02 4.669547688114133166e+02 4.616174462379897250e+02 4.752839505336032175e+02 5.044840484576949393e+02
8.549999948900000035e+00 1.000000677999999255e-01 1.236588982107130338e-15 5.795181028324176395e+02 6.136403048390106960e+02 6.473355195385810248e+02 6.811290689565538514e+02 7.105411207526869930e+02 7.328563646866168710e+02 7.459293537355576973e+02 7.479813950471987027e+02 7.372001137397969615e+02 7.075874118777652484e+02 6.643875951086955638e+02 6.146399188758401806e+02 5.689341493369882983e+02 5.323792453030798697e+02 5.102164849754342413e+02 5.056651250706439100e+02 5.190722293279065980e+02 5.472558346913560854e+02
8.649999943550000125e+00 9.999992150000025504e-02 1.188493253396945417e-15 6.411636431176402766e+02 6.757892213156958405e+02 7.088248598603001938e+02 7.409308099982055182e+02 7.678083552151672393e+02 7.873113684720397032e+02 7.978289174300548439e+02 7.978852261598560744e+02 7.861484411705075672e+02 7.566827707861083354e+02 7.146368955735048303e+02 6.663154778613520648e+02 6.221916305832329499e+02 5.871610758252656979e+02 5.665447170715331140e+02 5.635706103466146715e+02 5.783902725121437243e+02 6.078911717689496754e+02
8.750000092950005026e+00 1.000003773000095464e-01 1.148059296538428936e-15 6.850809257935375172e+02 7.178969398888972364e+02 7.482781853804492584e+02 7.770411523902039335e+02 8.000753674413099361e+02 8.156752575482887551e+02 8.227016134089927846e+02 8.200641589694804452e+02 8.069903617161423881e+02 7.781374588884391414e+02 7.389221120500609459e+02 6.947360505467490839e+02 6.553896822203311103e+02 6.249875246222393343e+02 6.082692199453570083e+02 6.079936101442218614e+02 6.239511439892489761e+02 6.531264589469120665e+02
8.850000163050005142e+00 9.999976289999068513e-02 1.095167929801276060e-15 7.770956014912777619e+02 8.082240749063058729e+02 8.363958987015997764e+02 8.627237142823024669e+02 8.831372164409480092e+02 8.964122199143741909e+02 9.017600025622558633e+02 8.981316912199051785e+02 8.851175859661710774e+02 8.574033511761888349e+02 8.207964857626579942e+02 7.797165524310922819e+02 7.436289765432239847e+02 7.159916702557623012e+02 7.013760849585539745e+02 7.023575151382665354e+02 7.184137341783663260e+02 7.467607972808575596e+02
8.950000067250000413e+00 1.000000454999998567e-01 1.055072071250063135e-15 7.324883519824156792e+02 7.679316309661102196e+02 7.998818318133132834e+02 8.291884677958373686e+02 8.518106060176510255e+02 8.664305552861204660e+02 8.722865248589923794e+02 8.684806193625460082e+02 8.544504497824707414e+02 8.245086967878830819e+02 7.839085086804851699e+02 7.378881951906369068e+02 6.967016643414390273e+02 6.648104995251038645e+02 6.474721184260720293e+02 6.477793765991239070e+02 6.655036351556241243e+02 6.974856495450956118e+02
9.050000040449999616e+00 9.999990089999855059e-02 1.015310567135610378e-15 7.606330066884875123e+02 7.950883456426911380e+02 8.257873735949619913e+02 8.538337556507801764e+02 8.753510678725134539e+02 8.892149312469235838e+02 8.946634786522367904e+02 8.906691319157660018e+02 8.767869126429417292e+02 8.473839247795685878e+02 8.077637271577327738e+02 7.628583804545442035e+02 7.228905531606632167e+02 6.921873387688516459e+02 6.759229244683648403e+02 6.769693580710372771e+02 6.948300212970636949e+02 7.264238990047996367e+02
9.150000087450001374e+00 1.000001931000049638e-01 9.792110976691418260e-16 8.806611824766017662e+02 9.113211434762675935e+02 9.371371428673202217e+02 9.598979584717806119e+02 9.762781476616287364e+02 9.861736037005850903e+02 9.893404628347356038e+02 9.846877383880998877e+02 9.724157201033386855e+02 9.470893486339904257e+02 9.136270036195342072e+02 8.750425762323135359e+02 8.408924862128839095e+02 8.147155860669822687e+02 8.015407821079642190e+02 8.039068244184500145e+02 8.208193166501863516e+02 8.498774651457212030e+02
9.250000166400003110e+00 9.999996479999850862e-02 9.360720827789367423e-16 9.233001053880637983e+02 9.535536948811197817e+02 9.783474309914749938e+02 9.996895675529178789e+02 1.014491458551797223e+03 1.023070106625658923e+03 1.025435359025197158e+03 1.020555049374957662e+03 1.008886183289184487e+03 9.849104164786693900e+02 9.531682257493773704e+02 9.160126749035877083e+02 8.829240160561085986e+02 8.573787604325889333e+02 8.445603720136959964e+02 8.470594964377827409e+02 8.638278203874940573e+02 8.927112047651104376e+02
9.350000018000002910e+00 9.999973839999931613e-02 9.074196192721349348e-16 8.641957806709609713e+02 8.999017827175892990e+02 9.299772548419451823e+02 9.558963258931654536e+02 9.741736304543927645e+02 9.846385378520262748e+02 9.872601643463294749e+02 9.812885199375702996e+02 9.669051554162620050e+02 9.382692209173452511e+02 9.001207607478056616e+02 8.563153586737769274e+02 8.172382673382926441e+02 7.872436177495357015e+02 7.719830893225588397e+02 7.745286655450720446e+02 7.941395292024968739e+02 8.279116030549653260e+02
9.449999848600002750e+00 9.999992280000213896e-02 8.675687767981412207e-16 8.860389903042778315e+02 9.180694466268530505e+02 9.450532762831443279e+02 9.687224352124936786e+02 9.855707440809754871e+02 9.953498794579415971e+02 9.978751602210764986e+02 9.922817257637238981e+02 9.788631908887737154e+02 9.521449225898197710e+02 9.171837832306373457e+02 8.772828412817576691e+02 8.422413432522029098e+02 8.156344815143017968e+02 8.024552675425479720e+02 8.052881359752459502e+02 8.232311265932648894e+02 8.537390139747716375e+02
9.549999751400006787e+00 9.999988280000593477e-02 8.398536475597532196e-16 1.041215420792606665e+03 1.071686743360239689e+03 1.095730045154273967e+03 1.115560943382340611e+03 1.127947427770992590e+03 1.133691081210209404e+03 1.133273744226399458e+03 1.125899100134595301e+03 1.112630311816709082e+03 1.088020996357474132e+03 1.057229566260323281e+03 1.021753864313026384e+03 9.909883779813716274e+02 9.678037676929239979e+02 9.572920153291572660e+02 9.618956032605673272e+02 9.802126171564444803e+02 1.010207426776901571e+03
9.650000011300011948e+00 1.000006370000026124e-01 8.002195709890957857e-16 9.761147212291878077e+02 1.011207466120306094e+03 1.039478436372077795e+03 1.062682240441946533e+03 1.077425529030858797e+03 1.084226306760519265e+03 1.083644891337696436e+03 1.075221567247233452e+03 1.059777467254302564e+03 1.031647959840653584e+03 9.958341370441127083e+02 9.550527899809900418e+02 9.193872556805705472e+02 8.925446958701546691e+02 8.800589822301675440e+02 8.848166679648520585e+02 9.057140631627222547e+02 9.400357891150374599e+02
9.749999988500011483e+00 9.999931740000000957e-02 7.709570290353676231e-16 1.127246152607175645e+03 1.160904459902393228e+03 1.188012003235676502e+03 1.210587548374936432e+03 1.224662297657427871e+03 1.230811711370975900e+03 1.229577759588785739e+03 1.220322868995735007e+03 1.204339628667956276e+03 1.176019721517291146e+03 1.141693386719651471e+03 1.103133426911162815e+03 1.070279077887760195e+03 1.045847205280826984e+03 1.035057736275268098e+03 1.040495720191496957e+03 1.060718849801875194e+03 1.093464229896761253e+03
9.849999873100006909e+00 1.000004517999890652e-01 7.416065220312214480e-16 9.029624869228575790e+02 9.395059407563420564e+02 9.704773422273771075e+02 9.972080179810917571e+02 1.015655045540874767e+03 1.025316547064345286e+03 1.026248729794522205e+03 1.018068056741911050e+03 1.001104564847287065e+03 9.697721969774559057e+02 9.298920418095283367e+02 8.855994123781744065e+02 8.473035882341481511e+02 8.188048024774307123e+02 8.052635351980253517e+02 8.095345899929797042e+02 8.308317126252804883e+02 8.659294828301730149e+02
9.950000049500001609e+00 9.999990099999855886e-02 7.128639164058106745e-16 1.147149644552730479e+03 1.178887312948126691e+03 1.203900733020113876e+03 1.224230835867325823e+03 1.235911495281919770e+03 1.239659853498522125e+03 1.236280681545728612e+03 1.225410588549762906e+03 1.208622105239218172e+03 1.180811776709492506e+03 1.148706085839424986e+03 1.113516448062733843e+03 1.084545171757109756e+03 1.063772604651400570e+03 1.055830227057190314e+03 1.062932885278752792e+03 1.083452925027938363e+03 1.115176763755262073e+03
1.500000000000000000e+01 1.000000000000000000e+01 2.088837912216043718e-16 9.664078784885967934e+02 1.011949101960887674e+03 1.053636822872220819e+03 1.093117114558121784e+03 1.125539879817304382e+03 1.149296420659574096e+03 1.162758306504593520e+03 1.163846883749936069e+03 1.151322577926682470e+03 1.116366271450128124e+03 1.064638020468671584e+03 1.002701205748602092e+03 9.447005489578610877e+02 8.975435939470067979e+02 8.692201314620174344e+02 8.643833479428003557e+02 8.831616793718578720e+02 9.221819058527413517e+02
1.712903225806451530e+02 3.025806451612903061e+02 1.083882704051282035e-18 2.787488820185707823e+02 3.041366347371111942e+02 3.326750354530583422e+02 3.636865463343350484e+02 3.936417049372533370e+02 4.199088935454568059e+02 4.401943845853687662e+02 4.528748555742211011e+02 4.563138054063760478e+02 4.440834621207862369e+02 4.169331552194748838e+02 3.793285712460520926e+02 3.385699924884655729e+02 2.997844885271873636e+02 2.686315800552375777e+02 2.497432506372835803e+02 2.462211186817924045e+02 2.583829561231626712e+02
