5.500000000000000444e-01 1.000000000000000056e-01 1.168606595644323107e+02 1.970880509870624062e+14 1.129775890814045322e-03 1.138179144558457034e+00 3.864707361724447399e+00 8.402156086830171233e+00 1.444858904351182183e+01 2.138540571952754021e+01 2.856806926442368422e+01 3.521239733033007724e+01 4.046062406160561409e+01 4.317067055365721728e+01 4.116678936797691080e+01 3.619452290265365235e+01 2.934521269315041891e+01 2.170575255904298828e+01 1.437565709195297536e+01 8.240754287859997973e+00 3.815292955166150968e+00 1.163515661387558575e+00 6.067644741737677344e-02
7.049999999999999600e-01 2.099999999999999922e-01 7.180942969538106979e+01 1.943090229032985000e+14 6.049664194714053644e-02 6.580214594377230775e+00 1.650408588247728758e+01 2.860034494691381113e+01 4.156915336459449861e+01 5.427819020204458411e+01 6.629215373240558051e+01 7.726378472319142077e+01 8.693320143813144796e+01 9.407248297934290804e+01 8.903733202089894405e+01 7.973383647429866983e+01 6.745501209234950579e+01 5.342689374153957971e+01 3.922483440529133958e+01 2.630342415145982216e+01 1.541260168965701993e+01 6.608891616642207367e+00 5.485462536656987576e-01
9.549999999999999600e-01 2.899999999999999800e-01 5.716305695171906365e+01 1.606821440545143125e+14 7.121859311275640092e-01 1.897073666193077912e+01 4.671152765667903850e+01 7.940074962161249061e+01 1.132434315182858029e+02 1.451316256739856385e+02 1.736527954261354409e+02 1.983384220834437599e+02 2.196735612438252190e+02 2.360060936581449198e+02 2.234337145692789761e+02 2.006311100357265502e+02 1.707458327335981778e+02 1.366231496815732385e+02 1.017498715811823899e+02 6.955942896456151914e+01 4.168879382218287333e+01 1.834925435890829348e+01 1.957664827219376402e+00
1.127499999999999947e+00 5.500000000000000028e-02 1.243907424899801839e+02 1.274608628698542969e+14 8.690853671051970153e-01 2.747151912851861155e+01 6.935292775888567007e+01 1.191096338623313926e+02 1.706714665375952791e+02 2.187371503715752965e+02 2.604417124800232841e+02 2.951220726685579052e+02 3.244307255907770013e+02 3.469417576508159300e+02 3.295591927370768985e+02 2.965066308774981962e+02 2.521204502734203459e+02 2.009958921497458277e+02 1.487520895043226972e+02 1.008777051113899290e+02 5.986230131287887701e+01 2.593187638785069993e+01 2.578891601899683028e+00
1.183875000000000011e+00 5.775000000000000272e-02 1.176497043767702735e+02 1.190214009517415781e+14 1.262249300348543546e+00 3.130828222827177498e+01 7.916536560986033066e+01 1.361465341672175384e+02 1.952972370021273889e+02 2.503134508289640507e+02 2.974926300759443052e+02 3.361247767486876228e+02 3.686380372334645017e+02 3.937843948469622433e+02 3.748258246972297911e+02 3.376032081253345609e+02 2.870819902847222238e+02 2.287036258151294987e+02 1.690050527813297947e+02 1.143787604292183033e+02 6.771704554212691107e+01 2.929052329369075736e+01 3.133527680174533536e+00
1.243068749999999945e+00 6.063749999999999696e-02 1.111874091912246030e+02 1.113776773097487656e+14 1.792407175614241233e+00 3.935507768602714407e+01 9.622017785897755004e+01 1.624904488374848484e+02 2.304839304390003178e+02 2.936608513802190146e+02 3.487041193497638005e+02 3.954894651740116842e+02 4.366905040974793906e+02 4.699450096425825336e+02 4.458996058773120126e+02 4.016621793689680544e+02 3.430647254757807332e+02 2.756727258122120361e+02 2.063094963296503863e+02 1.418805155710191457e+02 8.568350479323468960e+01 3.813819401694895816e+01 4.395613679508350025e+00
1.305222187500000075e+00 6.366937500000000028e-02 1.079338433652061298e+02 1.043047143030979219e+14 2.486994514997627803e+00 3.949576813479782089e+01 9.649303911234947861e+01 1.641070827564670935e+02 2.345167207733045984e+02 3.010552326581776583e+02 3.598086663284005908e+02 4.091745803126379428e+02 4.501277087353923889e+02 4.801475416796331501e+02 4.543213453952525924e+02 4.069013252029504883e+02 3.449962303304328657e+02 2.750437588485741571e+02 2.040524498611642912e+02 1.390013541664415300e+02 8.307636937075645278e+01 3.671476867017227619e+01 4.797422597643889119e+00
1.370483296880000035e+00 6.685284375000000168e-02 1.031285786509210851e+02 9.776651177142795312e+13 3.385044415731795819e+00 3.231329205053147291e+01 8.122020160564895264e+01 1.426742407602538663e+02 2.093643120253388759e+02 2.746167637414952765e+02 3.330354114195292823e+02 3.798846594933602887e+02 4.128546717038505562e+02 4.297770005304262213e+02 4.055997531452124463e+02 3.587223399904153212e+02 2.981209547908186437e+02 2.317169640167965667e+02 1.665505354233261812e+02 1.092106192441754189e+02 6.228451694592067867e+01 2.614581990983021953e+01 4.443093471189069277e+00
1.439007461719999936e+00 7.019548593749999621e-02 1.012175035480008631e+02 9.145060918220326562e+13 4.545229547208167631e+00 3.158407393081648706e+01 7.953198097543442202e+01 1.414435020079164644e+02 2.100060842300802335e+02 2.784361730259327032e+02 3.404762957777098791e+02 3.895017539631856494e+02 4.211523231218179149e+02 4.332277382788386717e+02 4.084351004004956280e+02 3.588688606888069899e+02 2.953799059204621926e+02 2.269957406526599186e+02 1.609257951402188382e+02 1.037487461673330813e+02 5.787979544142004329e+01 2.381847676610237485e+01 5.097414938277314178e+00
1.510957834799999899e+00 7.370526023439999408e-02 9.964142000084436290e+01 8.591194953881459375e+13 5.968136690340771544e+00 3.979499317686241966e+01 9.733253637589967866e+01 1.699217572816154416e+02 2.492967929740152044e+02 3.279085586812088309e+02 3.988305365014061294e+02 4.550500973168743712e+02 4.928806057268524796e+02 5.111217152716333771e+02 4.830540619515873004e+02 4.268300897496850439e+02 3.544407979652601171e+02 2.758120635609323017e+02 1.989499339164271419e+02 1.312662363278484179e+02 7.562066850196416112e+01 3.277688601766891452e+01 7.130771514403098088e+00
1.586505726539999994e+00 7.739052324610000422e-02 9.691009287071933898e+01 8.026515097893426562e+13 7.781919402866054547e+00 5.430942053515607171e+01 1.277698305882910006e+02 2.166704560629573564e+02 3.112970570681033564e+02 4.030055884942135549e+02 4.845366839761394999e+02 5.500858050444410310e+02 5.990617505432841199e+02 6.312558214763789692e+02 5.974886577697386656e+02 5.325291392280455511e+02 4.484083457053646384e+02 3.554331941523294631e+02 2.626210920640086783e+02 1.786711708666338438e+02 1.071725051629011034e+02 4.911885300633738893e+01 1.033377285148646507e+01
1.665831012870000016e+00 8.126004940839999524e-02 9.901325233085843536e+01 7.257943178475826562e+13 1.036116469847394761e+01 6.721832970428555143e+01 1.533410015722176638e+02 2.553891288958417931e+02 3.623892665038893597e+02 4.649620898239369922e+02 5.558865241178641554e+02 6.303139545104681929e+02 6.890542490123360722e+02 7.310344470281708027e+02 6.911198651923360785e+02 6.175442723459116223e+02 5.229363050483890447e+02 4.178578312638437637e+02 3.120036878046267361e+02 2.151097346537142982e+02 1.313470690270998773e+02 6.187643057432527627e+01 1.380246271185011331e+01
1.749122563520000062e+00 8.532305187880000197e-02 1.044551313561390486e+02 6.305688932536440625e+13 1.407642256459307362e+01 7.065853006084161336e+01 1.580709253766170832e+02 2.632930853454015505e+02 3.748258731066945870e+02 4.832097061901257575e+02 5.808694478568199884e+02 6.610744072579857402e+02 7.209639566213437547e+02 7.569992624852174004e+02 7.142120052383691018e+02 6.345819543891651620e+02 5.338123975613158336e+02 4.235539923769312054e+02 3.137163953011828426e+02 2.143335050243856301e+02 1.296840223687699734e+02 6.123888814300414651e+01 1.667911121170602939e+01
1.836578691689999987e+00 8.958920447279999921e-02 1.210587845879487219e+02 5.353084343870087500e+13 1.915750712203788453e+01 7.391413559397680899e+01 1.611707832708742671e+02 2.684548548696793091e+02 3.838899725673322223e+02 4.981627512445031698e+02 6.033383722751913183e+02 6.902502690276820658e+02 7.511063276750470550e+02 7.786724507407327565e+02 7.331799516736803071e+02 6.468049949503322296e+02 5.395472860072143249e+02 4.243746186772120268e+02 3.112274846338360703e+02 2.102438239744955695e+02 1.256909544134439471e+02 5.952824779097095131e+01 2.050146778064866737e+01
1.928407626280000065e+00 9.406866469640000339e-02 1.766244150543814726e+02 4.513269046026380469e+13 2.578184848958030528e+01 8.641495591743093030e+01 1.829157456036380154e+02 3.017403212939877335e+02 4.298707455746833261e+02 5.575127038595735485e+02 6.762077390476275696e+02 7.752264446548815613e+02 8.439322167653118640e+02 8.723829326907683708e+02 8.209660003820712291e+02 7.230110967287682797e+02 6.026516672093895295e+02 4.743452483204145551e+02 3.486433291697729260e+02 2.364727151007037094e+02 1.424496366149426478e+02 6.907250555507800982e+01 2.688837203815695176e+01
1.959750000000000103e+00 1.949999999999999997e-02 3.351813227088493932e+02 4.193569111626307031e+13 2.796070458073433684e+01 9.080164213589428357e+01 1.910392409212225857e+02 3.146527657645233944e+02 4.480190919184590257e+02 5.809447510335138531e+02 7.046468759485868532e+02 8.078987657724306928e+02 8.792999111042419145e+02 9.075231936895479521e+02 8.536876876632449012e+02 7.513603866725967464e+02 6.258529279689804525e+02 4.922073597527376023e+02 3.613903203087496081e+02 2.448012456374971464e+02 1.472788007747209349e+02 7.150342978585867115e+01 2.882722797247526714e+01
1.979347500000000037e+00 1.969500000000000070e-02 3.272956714114079659e+02 4.049257855275243750e+13 2.966832859851369975e+01 9.405253124629457773e+01 1.964210885261419151e+02 3.224835359818957841e+02 4.583761598743933519e+02 5.938414318630372009e+02 7.200929150968719341e+02 8.257843090635024055e+02 8.990898219789519317e+02 9.280202996910139746e+02 8.730059924984516329e+02 7.683723705554414209e+02 6.402968436763146656e+02 5.040266745754229305e+02 3.706065693811090114e+02 2.515909026922480791e+02 1.518805619484367355e+02 7.426604530961019179e+01 3.054292007157259192e+01
1.999140974999999987e+00 1.989194999999999852e-02 3.428009993210403081e+02 3.931207950943495312e+13 3.125422151913518576e+01 9.713931349852509811e+01 2.013985984113835173e+02 3.295010065361942679e+02 4.674514320190888270e+02 6.050307808646772401e+02 7.335186826771571305e+02 8.414862398255650078e+02 9.167097251136267460e+02 9.468104303965930058e+02 8.908227775011714584e+02 7.842134788222368798e+02 6.540041815786764801e+02 5.155825817558212520e+02 3.799776940617910554e+02 2.588005926721929768e+02 1.569714951499570361e+02 7.739044979413039016e+01 3.223119572208445049e+01
2.019132384749999787e+00 2.009086950000000052e-02 3.416685986647526079e+02 3.819146136000146875e+13 3.289316701995628733e+01 1.013400753614873935e+02 2.089357841199414736e+02 3.406868221586568666e+02 4.823545430070975044e+02 6.236314900742991085e+02 7.557220401579129430e+02 8.670050228325576427e+02 9.450034321907949106e+02 9.775232075678097772e+02 9.200797834235753498e+02 8.105801298612884693e+02 6.769363908866148449e+02 5.348379270626725202e+02 3.954411739572863098e+02 2.705282098055199640e+02 1.650966114603108110e+02 8.214988290964730311e+01 3.416283019805226218e+01
2.039323708600000007e+00 2.029177819499999869e-02 3.034541765800374833e+02 3.688532381886790625e+13 3.479596722782821416e+01 1.072633294496918950e+02 2.203586436740098691e+02 3.583157730364155782e+02 5.064326282350530164e+02 6.540875719825228316e+02 7.921659963282697845e+02 9.086055799791947720e+02 9.906952484127089065e+02 1.026932294142535511e+03 9.671089552008985493e+02 8.529826310318933338e+02 7.135875624508312285e+02 5.652201715191130234e+02 4.194129229157192640e+02 2.883302550378977571e+02 1.771471702532575137e+02 8.897298372540467426e+01 3.654068927156855295e+01
2.059716945679999967e+00 2.049469597689999867e-02 2.987826871329299934e+02 3.552496320147800781e+13 3.688566393535411692e+01 1.144454396965197560e+02 2.345271002949424428e+02 3.803744737126251607e+02 5.366850615110887475e+02 6.923731423929062885e+02 8.378435146067323558e+02 9.604558857672427621e+02 1.047396131612573299e+03 1.088315911253032937e+03 1.025435083698590233e+03 9.056672164557220412e+02 7.591359022863762220e+02 6.029055318252470670e+02 4.490425013218859362e+02 3.102314560701439632e+02 1.918964750794808083e+02 9.725852527242830092e+01 3.925053805267653928e+01
2.080314115140000197e+00 2.069964293669999955e-02 2.972485983848774822e+02 3.428133840155137500e+13 3.899375050942215637e+01 1.223288601971854064e+02 2.501953284398259996e+02 4.047038401087029342e+02 5.698959966538996014e+02 7.341304574854768816e+02 8.872443611161357921e+02 1.016047537530321620e+03 1.107993156089318290e+03 1.154326349711246394e+03 1.088070730098387685e+03 9.625144509082974764e+02 8.085203952129926392e+02 6.439183440348638214e+02 4.813872151233040313e+02 3.342009940725540673e+02 2.080753102867799385e+02 1.063441082073873645e+02 4.208891656162870021e+01
2.101117256289999791e+00 2.090663936609999871e-02 3.063680456375580548e+02 3.313486160354518359e+13 4.114524610221623391e+01 1.309344997689170214e+02 2.672851697611394570e+02 4.310568997173897969e+02 6.055761704213722396e+02 7.785561931783720411e+02 9.392138261064061453e+02 1.073951302172944452e+03 1.171025822950088241e+03 1.223522128684430754e+03 1.153612702179461166e+03 1.022292293258823406e+03 8.607391510594890178e+02 6.874784686232011381e+02 5.158649203914229702e+02 3.598296955560352330e+02 2.254153140089501335e+02 1.160664321682070863e+02 4.505009368149407578e+01
2.122128428849999970e+00 2.111570575969999933e-02 3.110894863391436616e+02 3.203650783239002344e+13 4.336930247259087423e+01 1.399524842204205584e+02 2.849634318222100546e+02 4.580170695588737999e+02 6.416956043105228673e+02 8.230329589724580046e+02 9.906528679551468031e+02 1.130788936988650448e+03 1.232996932901521859e+03 1.292070917008938295e+03 1.218354734415970142e+03 1.081536501417619320e+03 9.127353283493420122e+02 7.310307765991477709e+02 5.504565864529395185e+02 3.856308611389031853e+02 2.429349445289353184e+02 1.259145051662251404e+02 4.809433107932137830e+01
2.143349713140000112e+00 2.132686281730000050e-02 3.202688355052537759e+02 3.102467677270321094e+13 4.562067856400813071e+01 1.484626954846046090e+02 3.013238067949029642e+02 4.826920985922829459e+02 6.744269142171950762e+02 8.629200633001556753e+02 1.036313330152759363e+03 1.180929151226591330e+03 1.287789139809747439e+03 1.352822758561524779e+03 1.275675259439472029e+03 1.134105076112280130e+03 9.590243794922888583e+02 7.698964109243529492e+02 5.813683870496410009e+02 4.087144160881674111e+02 2.586410379980472953e+02 1.347923228840216154e+02 5.102895407304971798e+01
2.164783210269999980e+00 2.154013144549999856e-02 3.170417750253599252e+02 2.992283324312085938e+13 4.816371518254651107e+01 1.568154505289675171e+02 3.170772302195845782e+02 5.063769441672253606e+02 7.057820635948753534e+02 9.010358172025106569e+02 1.079889693679536094e+03 1.228881000556734080e+03 1.340271722961371552e+03 1.410275965658729774e+03 1.329889564336736385e+03 1.183634901072833372e+03 1.002445548765294006e+03 8.061315047153162823e+02 6.099458538118968818e+02 4.298515453349032214e+02 2.729018034886702821e+02 1.428552741865280780e+02 5.404717190898899304e+01
2.186431042380000189e+00 2.175553276000000147e-02 3.070476718885491891e+02 2.879360754392512891e+13 5.090214126216073964e+01 1.646236818042194443e+02 3.314472779022710824e+02 5.278588121023334452e+02 7.341235514339450674e+02 9.353876724194592498e+02 1.119154545052547974e+03 1.272255661632883175e+03 1.387807410887310652e+03 1.461523956214398822e+03 1.378278957130105709e+03 1.227649784371651322e+03 1.040857546014632362e+03 8.379975407487413577e+02 6.348754398121936902e+02 4.481234876754484731e+02 2.851458615763549460e+02 1.498172481249695522e+02 5.701078745989786967e+01
2.208295352800000000e+00 2.197308808759999843e-02 3.141639790964639474e+02 2.778075576573737500e+13 5.360704584146446194e+01 1.713289086422544756e+02 3.433826974042437996e+02 5.454878100686891003e+02 7.571877553082844088e+02 9.631425889019665192e+02 1.150761890080634657e+03 1.307218101120388610e+03 1.426120412817586384e+03 1.502294230768969555e+03 1.416798296667450586e+03 1.262610481198471462e+03 1.071319920747043852e+03 8.632026634578601261e+02 6.545084160310924517e+02 4.624495821918068259e+02 2.947499591454777601e+02 1.553909453889289978e+02 5.976280838558187725e+01
2.230378306330000004e+00 2.219281896839999865e-02 3.161309529782008667e+02 2.686336079528573438e+13 5.631600468640304769e+01 1.773234626967771987e+02 3.536670871481692302e+02 5.604588185537534173e+02 7.766164338949400872e+02 9.864227043735485267e+02 1.177282017236636420e+03 1.336651321732330189e+03 1.458333549849816336e+03 1.536305012585909935e+03 1.448831235474278174e+03 1.291585714045340865e+03 1.096516168735354768e+03 8.840375182789755399e+02 6.707424902354514415e+02 4.743321619910154823e+02 3.028042318612033341e+02 1.602424251929886054e+02 6.250019613486026060e+01
2.252682089389999920e+00 2.241474715810000060e-02 3.164733489188587328e+02 2.590004916463086719e+13 5.932576781529378707e+01 1.836038937271769669e+02 3.642783310306245426e+02 5.759095923204934024e+02 7.968011999400481500e+02 1.010884937061756659e+03 1.205533466856300720e+03 1.368289250021003909e+03 1.492859151099294195e+03 1.572397060723138338e+03 1.482723939873579184e+03 1.322005879547835320e+03 1.122742897431648544e+03 9.055867434804085860e+02 6.874662812213213101e+02 4.865573397549250103e+02 3.111185031857748413e+02 1.653455125730415318e+02 6.551145813531066153e+01
2.275208910289999942e+00 2.263889462970000016e-02 3.397927412547196582e+02 2.479607514181857812e+13 6.294743475708450120e+01 1.902502528410105640e+02 3.752395062383409368e+02 5.920026154127320979e+02 8.182073609040883184e+02 1.037439995134656328e+03 1.236932241776614774e+03 1.403933499641206481e+03 1.531470028909278881e+03 1.611665549883802441e+03 1.519479612161392652e+03 1.354456376970359770e+03 1.150141920068838090e+03 9.276352235797342018e+02 7.042306446573603580e+02 4.985889324814772294e+02 3.192240397041887832e+02 1.704761401243476939e+02 6.902929087949692644e+01
2.297960999389999870e+00 2.286528357600000130e-02 3.517273459636324446e+02 2.358337014473598828e+13 6.715766157752749166e+01 1.966726456261065152e+02 3.851999593213917024e+02 6.065866690333079987e+02 8.379449279311174905e+02 1.062602431508070367e+03 1.267564009187777856e+03 1.439360068983484780e+03 1.569586274183910973e+03 1.649019814899596895e+03 1.554112281887114023e+03 1.384215210365345683e+03 1.174464420859647817e+03 9.465858086303907157e+02 7.181898947876642296e+02 5.083504833716131088e+02 3.257797915747061097e+02 1.749801073912200877e+02 7.301502704153691070e+01
2.320940609380000019e+00 2.309393641179999929e-02 3.343260393946461591e+02 2.245728655234246875e+13 7.144764688020501353e+01 2.020836382781880616e+02 3.928760754040930578e+02 6.175683953353185416e+02 8.529201792864937488e+02 1.082179459443235828e+03 1.292166303745925461e+03 1.468540267262205589e+03 1.601069176866518092e+03 1.678875542909765045e+03 1.581836803274144359e+03 1.407505901383317223e+03 1.193040744265900003e+03 9.608052589640396945e+02 7.285635861528816122e+02 5.156084533968424921e+02 3.307303314294514962e+02 1.786277083164612804e+02 7.691919264441789039e+01
2.344150015479999904e+00 2.332487577589999889e-02 3.406832935732274450e+02 2.148022585687103906e+13 7.567107397809789404e+01 2.067908077460088521e+02 3.989773998887736184e+02 6.259136514620169010e+02 8.641563782410562453e+02 1.097001820257609324e+03 1.311178891675313480e+03 1.491567890388436126e+03 1.626119752147883901e+03 1.702195836621631543e+03 1.603636104162960919e+03 1.425629960636545093e+03 1.207407641464185645e+03 9.718686192512767548e+02 7.367949397377965397e+02 5.215517172544526829e+02 3.349277976707101629e+02 1.818507043380407993e+02 8.072793814679096158e+01
2.367591515630000032e+00 2.355812453360000072e-02 3.406867990201481007e+02 2.061387054040446484e+13 7.990078541258570510e+01 2.112752398091134580e+02 4.043485163734744106e+02 6.328275464793509855e+02 8.731485230430182582e+02 1.108735245225584094e+03 1.326322213975012119e+03 1.510154996357480968e+03 1.646494902417192407e+03 1.720921672764754248e+03 1.620958571761274698e+03 1.439825017890801973e+03 1.218578505837145940e+03 9.805147699501948182e+02 7.433443382012802658e+02 5.264341837588643784e+02 3.385521072238267379e+02 1.848623504365580175e+02 8.464002527409657262e+01
2.391267430790000148e+00 2.379370577900000172e-02 3.406933976665351906e+02 1.984148447020005469e+13 8.408388277448122494e+01 2.138258712503754282e+02 4.051128903315432694e+02 6.320938787210205874e+02 8.714258529290783599e+02 1.107010848541759515e+03 1.325862300584451759e+03 1.511684342481438989e+03 1.648608490967678790e+03 1.719807675163815475e+03 1.619282550242316574e+03 1.436527567873879207e+03 1.214532144991628229e+03 9.767247937027495936e+02 7.403972232039538994e+02 5.246011496055856469e+02 3.379284268954160666e+02 1.857861474700576707e+02 8.835591943793528458e+01
2.415180105100000141e+00 2.403164283679999971e-02 3.539872312352164840e+02 1.914411426909714062e+13 8.825585005719018739e+01 2.136448388811254517e+02 3.995062675474197817e+02 6.209377767242443724e+02 8.551405997063649238e+02 1.086857088408960863e+03 1.303745023412913952e+03 1.489207106775141710e+03 1.624775233632163008e+03 1.689944774641542608e+03 1.590161323637842315e+03 1.408027059734043860e+03 1.188481318155550071e+03 9.547029766336726198e+02 7.231806844601445619e+02 5.123303657266363871e+02 3.304115089579022992e+02 1.830918227712447504e+02 9.165655110956284091e+01
2.439331906150000062e+00 2.427195926510000018e-02 3.581872620735537112e+02 1.842208228454090234e+13 9.282570761545693472e+01 2.137666679662189892e+02 3.940296584929346864e+02 6.095920127427048101e+02 8.381009475146223622e+02 1.065125097527985645e+03 1.279114183255678427e+03 1.463490389995609803e+03 1.597488447429718917e+03 1.656088698327030670e+03 1.557172897122414270e+03 1.376122195256050645e+03 1.159630128721964411e+03 9.304123379316397404e+02 7.041253904111807742e+02 4.986066122008257935e+02 3.218297661311507909e+02 1.797613718119742998e+02 9.508366050464867669e+01
2.463725225210000147e+00 2.451467885779999925e-02 3.674504477227679331e+02 1.764728687816281250e+13 9.793353404885259295e+01 2.162247818093980527e+02 3.930648252584594502e+02 6.049306111152042149e+02 8.296606847788451660e+02 1.053460367159985935e+03 1.265507218627549946e+03 1.449466847484522077e+03 1.582976766145777447e+03 1.636692744685559546e+03 1.537860185597860209e+03 1.356985877017773873e+03 1.142262085517692412e+03 9.159123560627280085e+02 6.929152449904091782e+02 4.907428499206644119e+02 3.171911088834281145e+02 1.785516370150268131e+02 9.913408084634693296e+01
2.488362477459999944e+00 2.475982564639999869e-02 3.781606899340876566e+02 1.687911735418572656e+13 1.032332122984966674e+02 2.200498080176614621e+02 3.949788326616900349e+02 6.047027909311146914e+02 8.270796418016848293e+02 1.048780096321193923e+03 1.259581310149563024e+03 1.443475817243117490e+03 1.577030549128242001e+03 1.626963588069664183e+03 1.527802462002045559e+03 1.346586846289231744e+03 1.132760563079450094e+03 9.080897909832038977e+02 6.870197287527907974e+02 4.868077873182585904e+02 3.151361435149524368e+02 1.786263834712819971e+02 1.034398222317065148e+02
2.513246102240000113e+00 2.500742390279999880e-02 3.788073583143258816e+02 1.626607366311610156e+13 1.078596060972888466e+02 2.231224028866623428e+02 3.959336054441097303e+02 6.031540986172152543e+02 8.227127711254125870e+02 1.041713724655414808e+03 1.250500806484609257e+03 1.433476653122612788e+03 1.566558441619858968e+03 1.613076904731980676e+03 1.514010714173292172e+03 1.333298451204447019e+03 1.121147744937791913e+03 8.987933394944602696e+02 6.801693773417022157e+02 4.822908757382384124e+02 3.127117868092220760e+02 1.783363125321107248e+02 1.071246118814648725e+02
2.538378563260000220e+00 2.525749814189999845e-02 3.692884164463090997e+02 1.576253984010050195e+13 1.120874922188636020e+02 2.265488631784689062e+02 3.981682010206843074e+02 6.038698261890614276e+02 8.216305012111164388e+02 1.038885777949217754e+03 1.246416555478844884e+03 1.428951149035584194e+03 1.561955477329603809e+03 1.606294542974338583e+03 1.507132482613370485e+03 1.326606861008286842e+03 1.115499225883568215e+03 8.946264554639424205e+02 6.775283503038583603e+02 4.810327260997656822e+02 3.125931042414745207e+02 1.793488206367814257e+02 1.106835154798856706e+02
2.563762348890000098e+00 2.551007312329999985e-02 3.552767759557379463e+02 1.536365325909723828e+13 1.158907114001148670e+02 2.305250159703245743e+02 4.022294582956346289e+02 6.078460789044044077e+02 8.253527915231633187e+02 1.042360409879279814e+03 1.249873903847737438e+03 1.432777097820136078e+03 1.566225306244205285e+03 1.609834054003819347e+03 1.510311585346613811e+03 1.329372277608826380e+03 1.118248321902882026e+03 8.975430538884525049e+02 6.805842545239891024e+02 4.841068425065743668e+02 3.155186878796269525e+02 1.821383892736402856e+02 1.142004261100053242e+02
2.589399972379999859e+00 2.576517385450000086e-02 3.597924912830063136e+02 1.500163077084571484e+13 1.198446556486577208e+02 2.358576957131237748e+02 4.093367475680939265e+02 6.168692066467079940e+02 8.363107245660705757e+02 1.055259902352191602e+03 1.264726060387688676e+03 1.449530840113857039e+03 1.584487883867231858e+03 1.628732895919781186e+03 1.528326456794902697e+03 1.345696226827000828e+03 1.132731887213760729e+03 9.101241684763970170e+02 6.912166657587464442e+02 4.927963168755550782e+02 3.223027017448009133e+02 1.872022987413794510e+02 1.181925094731868029e+02
2.615293972099999920e+00 2.602282559309999910e-02 3.587714355242657689e+02 1.451300967520982422e+13 1.252287830693712749e+02 2.440670456771230192e+02 4.214866158464673163e+02 6.335286454817221511e+02 8.576743832214115173e+02 1.081333702569442266e+03 1.295378366650094677e+03 1.484353377399529336e+03 1.622431810140725020e+03 1.668108964825495605e+03 1.565774503865602355e+03 1.379336519589212912e+03 1.161949126909033339e+03 9.346849980532552991e+02 7.110940606479111921e+02 5.082154495742449853e+02 3.336154169615284104e+02 1.949901394554711374e+02 1.237161674725588654e+02
2.641446911820000132e+00 2.628305384899999944e-02 3.563055248829191441e+02 1.394038858467463281e+13 1.313250357590685837e+02 2.534947977752917154e+02 4.357205272615000808e+02 6.534034772778279603e+02 8.834902696792631787e+02 1.113112479638580226e+03 1.332924837079710869e+03 1.527068870746292532e+03 1.668980370755575677e+03 1.716028382584912379e+03 1.610947588694893511e+03 1.419511571394029943e+03 1.196378574255486456e+03 9.631288770633946115e+02 7.336189917835058623e+02 5.252629177899447086e+02 3.457997724659535947e+02 2.031673642965577358e+02 1.297864498542394927e+02
2.667861380939999805e+00 2.654588438749999960e-02 3.778117985038321649e+02 1.350540020916762891e+13 1.359221260897119237e+02 2.595822249726815016e+02 4.439863348616772782e+02 6.643331565730650254e+02 8.972495795187707017e+02 1.129727079893908694e+03 1.352306247118834790e+03 1.548910274395860824e+03 1.692703183101419881e+03 1.739731684010839217e+03 1.632708703976426023e+03 1.438439607309026997e+03 1.212264775849316720e+03 9.759868393153254829e+02 7.436217900968522372e+02 5.328140740821605732e+02 3.513921058497667786e+02 2.073503488208768601e+02 1.340229832253032498e+02
2.694539994749999945e+00 2.681134323140000122e-02 3.909165317295541513e+02 1.316099181227211523e+13 1.402271536004842005e+02 2.635540697673235400e+02 4.472330049609677189e+02 6.665910018093920826e+02 8.982755601710637166e+02 1.129452026367026065e+03 1.350905477386905659e+03 1.546762837057410024e+03 1.690143427951381454e+03 1.735808903880590833e+03 1.628439088161203472e+03 1.434422168532156093e+03 1.209070736312574354e+03 9.738740320768789616e+02 7.426296851706105144e+02 5.329122317932973374e+02 3.525176562806802849e+02 2.095161939164466389e+02 1.379169619059632623e+02
2.721485394700000171e+00 2.707945666369999949e-02 3.793991755937782955e+02 1.278383765575936328e+13 1.455802174450402333e+02 2.692850719399889385e+02 4.529479871618071343e+02 6.718052687421971996e+02 9.025546930712654330e+02 1.132628592374635673e+03 1.353210337844814376e+03 1.548794274265321064e+03 1.692284171330201616e+03 1.737439569643957611e+03 1.630045267890935065e+03 1.436333409901325012e+03 1.211839518118426668e+03 9.776328789337226226e+02 7.471743412715782142e+02 5.378894419246612415e+02 3.575382888736467635e+02 2.144462696131222685e+02 1.431916765965014235e+02
2.748700248650000066e+00 2.735025123030000033e-02 3.827478545347665317e+02 1.237176807211612305e+13 1.513710792444044841e+02 2.765255458646667535e+02 4.617127169733092273e+02 6.818859476966032389e+02 9.136464328248820266e+02 1.144602652871307555e+03 1.366227955047437263e+03 1.563262850266902205e+03 1.708271149100119601e+03 1.753955406802752350e+03 1.645885824709264398e+03 1.450944865427102741e+03 1.225441582837074975e+03 9.902476088823784721e+02 7.586034357903071168e+02 5.478858542482442999e+02 3.658460981288619109e+02 2.210898321440665768e+02 1.489778808658062417e+02
2.776187251130000089e+00 2.762375374259999974e-02 3.811642213457153048e+02 1.191771428998786133e+13 1.577708818576693375e+02 2.848936803806057014e+02 4.725259196116324460e+02 6.952600738639074507e+02 9.294473963586331138e+02 1.162763242520831227e+03 1.386844106470395673e+03 1.586479384593087161e+03 1.733735529605392685e+03 1.779974960587397391e+03 1.670315561410151076e+03 1.472781435324541462e+03 1.244736868212203035e+03 1.007033504680165265e+03 7.728174201219716224e+02 5.595491089747030173e+02 3.750154328816532825e+02 2.281012054060974492e+02 1.552312308534399108e+02
2.803949123639999819e+00 2.789999128000000134e-02 3.745373704042235090e+02 1.147505814945077734e+13 1.645158989016430837e+02 2.938944377632919895e+02 4.844165874700780705e+02 7.102569062364912043e+02 9.474710149820592733e+02 1.183730834165802207e+03 1.410766593730029172e+03 1.613319196405980165e+03 1.762919123808327640e+03 1.809840794841435809e+03 1.698291889103894846e+03 1.497842508862986278e+03 1.266802247631187129e+03 1.026064747232926265e+03 7.887521346440387333e+02 5.724727413661823903e+02 3.850998208801319720e+02 2.358104613548358088e+02 1.619122550032346908e+02
2.831988614880000199e+00 2.817899119279999864e-02 3.908545372703297858e+02 1.109351547974244531e+13 1.709423224145633924e+02 3.021647021411977221e+02 4.950259617823248846e+02 7.233763474559893893e+02 9.630451113457469319e+02 1.201706439986877513e+03 1.431176810706529068e+03 1.636161964560744536e+03 1.787737449105014775e+03 1.835178778201102205e+03 1.722163955213769214e+03 1.519356110997049427e+03 1.285873381145856229e+03 1.042657596482574490e+03 8.028126146167138586e+02 5.840549237646965821e+02 3.943268399960239776e+02 2.430400437238408244e+02 1.682832096590023525e+02
2.860308501030000006e+00 2.846078110479999951e-02 3.824391402910718512e+02 1.072732974499200195e+13 1.775854270008987328e+02 3.108790078444063738e+02 5.064851688394784901e+02 7.379235585386765024e+02 9.807526485222746260e+02 1.222592891524622246e+03 1.455271852513759313e+03 1.663369114374760329e+03 1.817432408268446352e+03 1.865649993192786496e+03 1.750978469973420033e+03 1.545207911133192965e+03 1.308511364801497621e+03 1.062028374587419876e+03 8.189309384154772715e+02 5.970937402724339336e+02 4.045355506173140725e+02 2.508497719455604056e+02 1.748846834345355603e+02
2.888911586039999868e+00 2.874538891579999852e-02 3.716672323544924552e+02 1.035113747025830469e+13 1.848488415053213316e+02 3.204406766802356401e+02 5.191426977961734792e+02 7.540502720610779761e+02 1.000407919099328069e+03 1.245751092148943371e+03 1.481906777180800646e+03 1.693325167776242779e+03 1.849986778354525768e+03 1.898951905907325227e+03 1.782548534855587604e+03 1.573638340334886607e+03 1.333497498522260912e+03 1.083456375720576716e+03 8.367756699164422116e+02 6.115175173150566934e+02 4.158002820625528670e+02 2.594452898093482531e+02 1.821278759883487908e+02
2.917800701900000071e+00 2.903284280500000036e-02 3.840444761443066000e+02 9.955997934198619141e+12 1.928930858043522960e+02 3.308705674531989871e+02 5.327309892159282754e+02 7.710972074434482693e+02 1.020882531224718718e+03 1.269578206087398712e+03 1.509089042972303332e+03 1.723816816660155837e+03 1.883149835031830662e+03 1.932782187753446124e+03 1.814705542765987957e+03 1.602665381492630559e+03 1.359177270046063768e+03 1.105689971691225765e+03 8.554889415558674273e+02 6.268075003144700759e+02 4.278520185693488997e+02 2.687238623422898058e+02 1.901171049946744063e+02
2.946978708920000134e+00 2.932317123299999981e-02 3.902218962210495192e+02 9.582024340193552734e+12 2.009818438031148276e+02 3.421568658142896311e+02 5.482733092645737543e+02 7.914424001138530684e+02 1.046173236450988497e+03 1.299841842829814141e+03 1.544314654428025733e+03 1.763789879146343083e+03 1.926988029863623296e+03 1.978498847296296844e+03 1.858269738935756095e+03 1.641874623012330403e+03 1.393488781737594081e+03 1.134944194282291164e+03 8.796694291433805120e+02 6.461514671281101982e+02 4.426944614930976059e+02 2.796028255681939640e+02 1.983392087423951011e+02
2.976448496010000166e+00 2.961640294530000148e-02 3.962671163197068722e+02 9.250827534551906250e+12 2.086440607235007576e+02 3.532191842628610630e+02 5.638420076402196628e+02 8.121269091569441798e+02 1.072186856394155939e+03 1.331238876519079895e+03 1.581027866278327565e+03 1.805472840965232308e+03 1.972677463647154582e+03 2.026581755156589679e+03 1.904098368792152542e+03 1.683206203981152839e+03 1.429634156580322497e+03 1.165683892247642007e+03 9.049932758602496961e+02 6.663237879069988594e+02 4.580921942709022687e+02 2.907562180597849988e+02 2.062647353832620922e+02
3.006212980970000004e+00 2.991256697479999921e-02 3.935655850167397602e+02 8.926468013535884766e+12 2.165735505576078594e+02 3.648450235396257426e+02 5.803115004585052930e+02 8.340504508704397040e+02 1.099762396839812254e+03 1.364495182953660105e+03 1.619865663307703016e+03 1.849510807847573460e+03 2.020923586384630198e+03 2.077556687265746405e+03 1.952659526160254700e+03 1.727062129397922035e+03 1.468049112020113853e+03 1.198404005712788376e+03 9.319851672041611437e+02 6.878423045220197309e+02 4.745136703240912652e+02 3.026155124542405019e+02 2.145175438542558481e+02
3.036275110780000119e+00 3.021169264460000017e-02 4.096023474284166355e+02 8.606243324440048828e+12 2.247859213459897774e+02 3.772346682031457590e+02 5.982003071800419320e+02 8.581468537760001709e+02 1.130318093794419838e+03 1.401557121306594127e+03 1.663309854063228158e+03 1.898860117304299138e+03 2.075022243561842515e+03 2.134899423729558293e+03 2.007245891767241119e+03 1.776305909006966431e+03 1.511085007869228093e+03 1.234940089462381366e+03 9.619964781909118301e+02 7.116363132417708357e+02 4.925339401230031058e+02 3.154585213672721125e+02 2.231070243414350784e+02
3.066637861889999872e+00 3.051380957100000013e-02 4.125044460513349236e+02 8.291518574576653320e+12 2.331890670443134752e+02 3.904484577332954700e+02 6.177527586519948954e+02 8.848697649151580436e+02 1.164526120646387199e+03 1.443293636193835027e+03 1.712375734185874080e+03 1.954611256455247712e+03 2.136109588504410112e+03 2.199840736450892109e+03 2.069021936466047009e+03 1.832033178048038963e+03 1.559701202247364790e+03 1.276070690379517373e+03 9.956111867659939207e+02 7.381005684926329877e+02 5.123810241260080147e+02 3.293610322207267131e+02 2.319126676670607594e+02
3.097304240500000194e+00 3.081894766670000008e-02 4.050340518145173405e+02 7.979306532274105469e+12 2.418226720495293023e+02 4.041774403656809795e+02 6.382796450900517584e+02 9.131371957191728370e+02 1.200895041235664849e+03 1.487787802156337875e+03 1.764726287375395259e+03 2.014049008513617082e+03 2.201161562317135122e+03 2.268724456015333999e+03 2.134596055063138010e+03 1.891163569903251755e+03 1.611176199686466816e+03 1.319447914618441700e+03 1.030863882065938469e+03 7.656500880742354411e+02 5.328446321644984209e+02 3.434935725755176463e+02 2.407430932239136325e+02
3.128277282910000068e+00 3.112713714339999937e-02 4.176507055856588977e+02 7.678035192345643555e+12 2.504116556967906320e+02 4.180449150673654799e+02 6.592180249868351893e+02 9.421375758356771257e+02 1.238343394117828439e+03 1.533698612576437426e+03 1.818784309565469357e+03 2.075383668962062984e+03 2.268236223928252002e+03 2.339701242285794706e+03 2.202180888522826081e+03 1.952113317857694028e+03 1.664184584038037656e+03 1.364031910567837713e+03 1.066991324375496106e+03 7.937698956715805707e+02 5.536066238022153811e+02 3.576806746341786152e+02 2.493307669045566399e+02
3.159560055740000095e+00 3.143840851480000226e-02 4.180651833205370167e+02 7.402939942536005859e+12 2.586216215875846842e+02 4.314752806988669249e+02 6.795783924867104133e+02 9.703438566740973101e+02 1.274751926168210957e+03 1.578302824759461600e+03 1.871225851786681687e+03 2.134720830541494252e+03 2.332957334215266201e+03 2.408389820611679170e+03 2.267478427736104550e+03 2.011079316860810422e+03 1.715546850845774543e+03 1.407299676449132676e+03 1.102114121955219844e+03 8.211625842411677922e+02 5.738836295621634918e+02 3.715919752114438666e+02 2.575016521354754673e+02
3.191155656299999865e+00 3.175279260000000298e-02 4.114708505557387070e+02 7.143315373290337891e+12 2.671410057916530150e+02 4.452333782821172576e+02 7.002885098819242558e+02 9.988984183391938814e+02 1.311489990717277351e+03 1.623195993559475028e+03 1.923872521460906682e+03 2.194116509605210922e+03 2.397574934665417459e+03 2.477144144496021454e+03 2.332822329439276018e+03 2.070189093976974618e+03 1.767162097875933114e+03 1.450913109387740178e+03 1.137652118653845264e+03 8.490171908763035162e+02 5.946584414688234119e+02 3.860283432634607834e+02 2.661798556695142679e+02
3.223067212860000197e+00 3.207032052599999988e-02 4.265279222788843185e+02 6.887569957955402344e+12 2.765896286866522473e+02 4.607792214271949547e+02 7.238974563192003870e+02 1.031626135285530154e+03 1.353770180277193276e+03 1.675034830013088140e+03 1.984819018210890135e+03 2.263016239739126831e+03 2.472703077313910399e+03 2.557736625311978969e+03 2.409511941507670599e+03 2.139639473268825441e+03 1.827863264913082276e+03 1.502265461528004380e+03 1.179574666536548420e+03 8.819584603376362111e+02 6.192961456496257142e+02 4.031253237159946821e+02 2.763311459941312478e+02
3.255297884990000057e+00 3.239102373120000128e-02 4.325749608987279089e+02 6.638954492805610352e+12 2.866575752782998734e+02 4.771166213864220822e+02 7.484768483237643295e+02 1.065500343818111787e+03 1.397370591609107123e+03 1.728373662929308466e+03 2.047435774706930488e+03 2.333739962712147189e+03 2.549795902557685622e+03 2.640533385618748071e+03 2.488092005934996905e+03 2.210819352541697299e+03 1.890144683704193312e+03 1.555046222471414012e+03 1.222782220627901779e+03 9.160412372900457285e+02 6.449376160080324780e+02 4.210961724686416687e+02 2.873400382421793324e+02
3.287850863840000137e+00 3.271493396849999707e-02 4.316991430138603505e+02 6.387753331362616211e+12 2.966321505601761146e+02 4.930502788927128677e+02 7.725729442866348791e+02 1.098919694362813516e+03 1.440536349142853624e+03 1.781199907685310336e+03 2.109295612198426170e+03 2.403230451169449680e+03 2.625057889389277534e+03 2.719582725448432484e+03 2.562553797451292212e+03 2.278106635538000319e+03 1.948676578625055072e+03 1.604139360887693329e+03 1.262356476852324704e+03 9.466100462216380720e+02 6.673254495559021962e+02 4.363920670547312852e+02 2.969765665552262135e+02
3.320729372480000219e+00 3.304208330820000011e-02 4.524587235768873938e+02 6.140777887697129883e+12 3.057112235443707391e+02 5.083079406934272129e+02 7.967047696865829494e+02 1.133271175105725433e+03 1.485540549997564312e+03 1.836606720915801361e+03 2.174161392886609519e+03 2.475739774424303050e+03 2.703277497236256750e+03 2.800390368008175756e+03 2.638803916379649763e+03 2.347215582961280234e+03 2.008605176625341301e+03 1.653914024263901410e+03 1.301774409209490841e+03 9.761981016405313767e+02 6.879912926619339260e+02 4.493854614495504620e+02 3.039798765793889856e+02
3.353936666200000083e+00 3.337250414129999676e-02 4.612393871717418961e+02 5.918411913930552734e+12 3.165396737899613981e+02 5.249707932990291965e+02 8.210860668888109331e+02 1.166250910443732209e+03 1.527366175537182471e+03 1.887047643739649402e+03 2.232516122645461564e+03 2.540734832413184904e+03 2.773505553509671245e+03 2.874949750928705271e+03 2.709768134577845103e+03 2.411836444650358317e+03 2.065486798022195671e+03 1.702361937560955084e+03 1.341630167272986000e+03 1.007852575612020019e+03 7.121149427470465980e+02 4.667204437764709724e+02 3.152537792913460066e+02
3.387476032859999986e+00 3.370622918269999824e-02 4.609580724500222573e+02 5.699475263241479492e+12 3.291593970476508844e+02 5.441007817043575869e+02 8.480291744928551907e+02 1.201632148157954134e+03 1.571293297882017669e+03 1.939253769994569666e+03 2.292370952172184843e+03 2.607214650788738254e+03 2.845490117831819589e+03 2.953535389540065353e+03 2.784190579566090037e+03 2.479556769710132357e+03 2.125522852863043681e+03 1.754199441373284571e+03 1.385145200426284873e+03 1.043406531667530544e+03 7.402964653876155126e+02 4.881981588668070344e+02 3.307037873527425518e+02
3.421350793189999795e+00 3.404329147449999815e-02 4.778036507179250520e+02 5.493312977411549805e+12 3.402550479413031326e+02 5.610769781489647130e+02 8.722365736715869389e+02 1.233710399269499931e+03 1.611319154996247789e+03 1.986891334320469014e+03 2.346898081151527549e+03 2.667561456915285817e+03 2.910748054144953585e+03 3.024006605727789065e+03 2.850834996061040783e+03 2.540364364093818040e+03 2.179369677067100383e+03 1.800466410400132190e+03 1.423642420768384909e+03 1.074432053632864381e+03 7.643698810884653767e+02 5.059976864516676187e+02 3.431011124770332685e+02
3.455564301119999904e+00 3.438372438929999941e-02 4.791270307419654841e+02 5.300680828448316406e+12 3.507948299744290921e+02 5.773919256017378530e+02 8.957714921432104802e+02 1.265051671996392315e+03 1.650470346050607077e+03 2.033423106277371062e+03 2.399992938031919039e+03 2.726137490728490775e+03 2.974218498664157323e+03 3.092573224039059369e+03 2.916020326838173787e+03 2.600167711911231891e+03 2.232531446086000415e+03 1.846243612291348882e+03 1.461741768957794875e+03 1.105045477920969915e+03 7.878852306498763483e+02 5.229108425169832799e+02 3.541561280372578153e+02
3.490119944129999929e+00 3.472756163320000339e-02 4.765048752626029227e+02 5.108102379771666016e+12 3.623720022415822086e+02 5.952167751755096106e+02 9.213402388957947551e+02 1.298914924549697389e+03 1.692570969786810792e+03 2.083287472021043413e+03 2.456785090065900022e+03 2.788833340715061240e+03 3.042373490774157290e+03 3.166673576768820112e+03 2.986519874680831890e+03 2.664916706687840360e+03 2.290251396273299633e+03 1.896160104377381913e+03 1.503501844724429475e+03 1.138792813724284770e+03 8.139361308936549904e+02 5.416851124125935257e+02 3.665503850512693589e+02
3.525021143580000071e+00 3.507483724950000159e-02 4.672019914313129902e+02 4.913925575630553711e+12 3.749977824545191538e+02 6.141415214592475422e+02 9.480931922345860130e+02 1.334092110190212225e+03 1.736133313758325130e+03 2.134814775185066537e+03 2.515533254965710057e+03 2.853895463036959882e+03 3.113236945942998773e+03 3.243497459209957469e+03 3.059605874356576805e+03 2.731910087161868887e+03 2.349924805366311375e+03 1.947797182417009481e+03 1.546781455216616450e+03 1.173891687716672322e+03 8.411972879237213192e+02 5.615645602500574114e+02 3.801042321166638658e+02
3.560271355009999805e+00 3.542558562200000261e-02 4.783927210332795994e+02 4.734098722015453125e+12 3.874191919432838631e+02 6.328924071432427354e+02 9.745910770441947761e+02 1.368849831082335186e+03 1.779069164126542091e+03 2.185488813230551841e+03 2.573189160940116381e+03 2.917655054717615258e+03 3.182714567393496054e+03 3.319381888587302910e+03 3.131751283146922106e+03 2.798175114691134240e+03 2.409115868536294784e+03 1.999190422427453996e+03 1.590029341368770019e+03 1.209115960270125242e+03 8.686794686066630220e+02 5.816807357818166793e+02 3.936692629492908395e+02
3.595874068560000136e+00 3.577984147820000016e-02 4.798033175718003349e+02 4.563936231203750000e+12 3.999048685297638599e+02 6.520045249607164806e+02 1.001615350466337418e+03 1.404180215369885218e+03 1.822521014639933355e+03 2.236538603842267094e+03 2.631015940393300752e+03 2.981410361079924314e+03 3.252239506272124345e+03 3.396117067926077652e+03 3.204489590498289999e+03 2.865157396591943780e+03 2.469177884146717133e+03 2.051566753746670202e+03 1.634299807986471478e+03 1.245315925558167919e+03 8.970037025176234238e+02 6.024384194331775007e+02 4.076221354670724963e+02
3.631832809250000071e+00 3.613763989299999951e-02 4.722948239299229272e+02 4.392696121445832520e+12 4.132870779321811483e+02 6.720512289467701521e+02 1.029615721179498678e+03 1.440586290745519818e+03 1.867165430158802792e+03 2.288931056829464524e+03 2.690404867027541059e+03 3.047014804297237788e+03 3.323799578101733459e+03 3.474751592548629105e+03 3.278764317381445380e+03 2.933382838092681595e+03 2.530239762908732700e+03 2.104756025257557667e+03 1.679229803027134039e+03 1.282068720156139761e+03 9.258298119614387360e+02 6.237568686113073682e+02 4.224808435779782485e+02
3.668151137340000201e+00 3.649901629189999941e-02 4.938660943052517496e+02 4.221908680430435059e+12 4.273250371645242467e+02 6.939094813648403033e+02 1.060638682668542288e+03 1.481170139371433606e+03 1.917015081638414813e+03 2.347370788842471484e+03 2.756479649235940997e+03 3.119878252686597534e+03 3.403525369506490733e+03 3.562839740700590482e+03 3.361658444476056957e+03 3.009547545875127980e+03 2.598438281892864779e+03 2.164128776118251153e+03 1.729281960376954657e+03 1.322845936617641200e+03 9.575680984004569609e+02 6.468663567661634488e+02 4.380561977131339404e+02
3.704832648710000065e+00 3.686400645489999739e-02 5.042452330226606136e+02 4.066373685513173340e+12 4.405532285684848830e+02 7.160101502443036452e+02 1.092812827675341396e+03 1.523492148338923016e+03 1.968887203424415247e+03 2.407769199742033834e+03 2.824117038014666832e+03 3.193921109237703149e+03 3.484955617509234798e+03 3.654364935539553244e+03 3.447677652374821264e+03 3.089060468387431683e+03 2.670135550975371643e+03 2.226896986865324379e+03 1.782386330449884554e+03 1.366112343389154830e+03 9.910096318490599288e+02 6.706199954427723924e+02 4.528805485255894041e+02
3.741880975199999959e+00 3.723264651940000336e-02 5.120379513368080779e+02 3.921284847552791992e+12 4.534212834192969126e+02 7.372547156799965933e+02 1.123438068272285136e+03 1.563408093569469202e+03 2.017364707837398328e+03 2.463698258685359633e+03 2.886265671331639169e+03 3.261758460050375561e+03 3.559850971781319913e+03 3.738799152253447573e+03 3.527077167818754333e+03 3.162662504022666326e+03 2.736809789252924020e+03 2.285556557168380550e+03 1.832260154001245382e+03 1.406942113643519860e+03 1.022717012674116745e+03 6.932327064238479579e+02 4.670969816233329084e+02
3.779299784950000074e+00 3.760497298459999915e-02 5.631083051160468358e+02 3.780815075950925293e+12 4.665270062543323206e+02 7.582828214986893727e+02 1.153263516463223141e+03 1.601899917624170712e+03 2.063779433626074024e+03 2.516971696984724986e+03 2.945320346034551676e+03 3.326293205954868426e+03 3.631253614877583914e+03 3.819172233704226983e+03 3.602594110522762094e+03 3.232636336734993165e+03 2.800274327549419468e+03 2.341536871724261800e+03 1.880026266508065873e+03 1.446239161512195551e+03 1.053452315332089256e+03 7.154260298675346803e+02 4.814109719801518281e+02
3.817092782800000084e+00 3.798102271440000066e-02 6.459296371531418117e+02 3.641471324351613281e+12 4.803779983482754687e+02 7.796617693478593765e+02 1.182791180021215951e+03 1.639485615777135990e+03 2.108807551332318326e+03 2.568611226823710240e+03 3.002750949848059463e+03 3.389314658717781185e+03 3.700986346616989067e+03 3.897480210934261777e+03 3.675687491298331679e+03 3.300032170922456771e+03 2.861245144941097351e+03 2.395377140700961718e+03 1.926170482881138241e+03 1.484531807842176704e+03 1.083823012521554347e+03 7.379186844405313650e+02 4.964959099317467235e+02
3.855263710630000062e+00 3.836083294159999685e-02 8.262249455688958051e+02 3.504083648820397949e+12 4.948547534108859622e+02 8.017126496626304970e+02 1.212924994952542420e+03 1.677639529371655271e+03 2.154444915214911362e+03 2.621039361355477922e+03 3.061267703174908092e+03 3.453694862572572674e+03 3.772187842382843428e+03 3.977321814376644397e+03 3.750002859714506030e+03 3.368374609203537602e+03 2.922963292703444040e+03 2.449886409602594085e+03 1.972985069855076290e+03 1.523531264300678686e+03 1.114936336447796066e+03 7.611760739720625679e+02 5.122296109490869185e+02
3.893816347740000072e+00 3.874444127099999774e-02 1.709517741022246128e+03 3.374587145842605469e+12 5.091505574982703592e+02 8.216269524752190136e+02 1.239010995530235732e+03 1.710000041988189196e+03 2.192787768036957459e+03 2.664962289460295779e+03 3.110320005220364692e+03 3.507603586075519615e+03 3.831217974898225748e+03 4.042077462340254442e+03 3.810557455551421299e+03 3.424007820355405784e+03 2.973165287479998369e+03 2.494278130298764609e+03 2.011283096448795732e+03 1.555739132862504221e+03 1.141122048408227329e+03 7.815351954252780615e+02 5.273321899521787373e+02
3.964999999999999858e+00 1.300000000000000044e-01 3.051651955415871385e+02 3.169029826093122559e+12 5.366003583399897252e+02 8.450736871978454019e+02 1.259221402898891029e+03 1.728460569443089071e+03 2.210794861200943160e+03 2.684073379701664180e+03 3.132127546281310970e+03 3.532134595798487226e+03 3.853883269484303128e+03 4.054085633700855396e+03 3.822525081525195674e+03 3.433315662708962009e+03 2.980568283487821191e+03 2.501155548253937013e+03 2.018896547738026584e+03 1.565318355214744315e+03 1.153966869856229550e+03 7.994683591548405275e+02 5.533368795239507563e+02
4.097166666669999735e+00 1.343333333329999879e-01 3.011170613187520644e+02 2.791063267666271484e+12 5.888998019161692810e+02 8.917622493488731834e+02 1.302424049853321776e+03 1.770693307048437191e+03 2.253917019840525427e+03 2.730180316610548743e+03 3.183561893833169961e+03 3.589135710046031818e+03 3.909391257028005839e+03 4.090870936588617951e+03 3.858884216410544923e+03 3.464110757880461279e+03 3.006848589376618293e+03 2.524835119928751737e+03 2.041837822449398800e+03 1.589509973139564863e+03 1.181732339556336456e+03 8.341809127718518084e+02 6.022791144450656020e+02
4.233738888889999608e+00 1.388111111110000018e-01 3.139832224233186935e+02 2.430548768990097656e+12 6.529219673372003854e+02 9.469512268133742054e+02 1.353274751579177746e+03 1.820802935654515750e+03 2.305690151577511642e+03 2.785988703396732490e+03 3.246197470877025808e+03 3.658942593035236314e+03 3.977571552350514139e+03 4.129991633799832016e+03 3.900164160921643543e+03 3.498456696092534457e+03 3.035116923688828592e+03 2.549015931305761114e+03 2.064174100864379398e+03 1.612542861001428719e+03 1.208712415973394400e+03 8.696698941697983400e+02 6.594240022987833072e+02
4.374863518519999772e+00 1.434381481479999887e-01 3.429649107743582022e+02 2.073131839951842285e+12 7.352030674664799790e+02 1.029025949792657229e+03 1.440420742969538878e+03 1.916778013511780500e+03 2.412449154794028800e+03 2.905371545687449270e+03 3.380593942192564555e+03 3.808962375600424366e+03 4.135778340607808786e+03 4.268294828282626440e+03 4.033459539112048788e+03 3.615697701521013187e+03 3.136759687700820905e+03 2.636882289425430827e+03 2.140395112522123327e+03 1.680055862416181299e+03 1.271124677457446978e+03 9.318662552122136731e+02 7.356529927750124216e+02
4.520692302469999646e+00 1.482194197529999868e-01 3.665304464836499392e+02 1.773469587854124023e+12 8.170280972741503547e+02 1.117148334085892202e+03 1.537442358892805260e+03 2.024859021427957032e+03 2.532364906453316962e+03 3.038152847926590766e+03 3.527841666090581839e+03 3.971680735386319611e+03 4.310302814565293374e+03 4.437532707254265006e+03 4.192166014980653017e+03 3.757517319309721188e+03 3.262602172952510045e+03 2.748408158642097987e+03 2.239088224038282988e+03 1.768136437291741458e+03 1.351045167768582360e+03 1.007292509368445621e+03 8.152194808708169376e+02
4.671382045879999723e+00 1.531600670780000062e-01 3.689396035597848709e+02 1.557154803145212402e+12 8.826811748336604069e+02 1.189797493323173057e+03 1.618178438119617567e+03 2.114338846369300882e+03 2.630576675529927343e+03 3.145358856582903627e+03 3.644585892514449370e+03 4.098366811445886015e+03 4.445410482903014781e+03 4.575541479138782051e+03 4.322613743899641122e+03 3.877627211684152371e+03 3.372729829269698712e+03 2.849128623998248258e+03 2.330702919362191096e+03 1.851300078408373793e+03 1.426451006011521940e+03 1.076589334925589355e+03 8.812641032058161272e+02
4.827094780750000425e+00 1.582654026470000086e-01 3.669851462400296782e+02 1.386730733710797363e+12 9.412368949158626492e+02 1.253412618927520271e+03 1.687323719596508226e+03 2.188969133222136861e+03 2.710452065242609024e+03 3.230572229266877002e+03 3.735551529498861782e+03 4.195517742608339177e+03 4.547951642748693303e+03 4.681976610247921599e+03 4.425130394896287726e+03 3.974365403409386090e+03 3.463981032316005894e+03 2.935108467888720952e+03 2.411274992050627588e+03 1.926337534769438889e+03 1.495751384556290759e+03 1.140597048541359300e+03 9.408208752586259607e+02
4.987997940109999639e+00 1.635409160690000085e-01 3.758389590201234682e+02 1.233981156794228271e+12 1.002737283630074899e+03 1.318506134043659131e+03 1.756002734480519848e+03 2.260780174972902842e+03 2.784947539529946425e+03 3.307828889773256833e+03 3.816248363917281495e+03 4.280599759840177285e+03 4.636982866827826001e+03 4.773770975508225092e+03 4.514470197472282962e+03 4.059805402207220141e+03 3.546304018131583234e+03 3.014696244326596570e+03 2.487921711726569356e+03 1.999611712235002642e+03 1.565050901232581964e+03 1.205944030696319487e+03 1.003182489703529541e+03
5.154264538109999627e+00 1.689922799380000062e-01 4.021152939640082877e+02 1.097506650042094238e+12 1.064783386161911722e+03 1.381805534564639402e+03 1.820318044347997329e+03 2.325494070466807443e+03 2.849507082156636898e+03 3.372229114085728270e+03 3.881210782869984087e+03 4.347236270511677503e+03 4.705059600684371617e+03 4.840651472509867745e+03 4.580332528310011185e+03 4.124141815522863908e+03 3.610278362760829168e+03 3.078786708107124923e+03 2.551936416255366112e+03 2.063037700990284975e+03 1.627244049731045379e+03 1.266918123929218837e+03 1.064969432957487015e+03
5.326073356050000207e+00 1.746253559360000096e-01 4.181439100761685950e+02 9.834039512578194580e+11 1.116995467334953673e+03 1.431009149028573347e+03 1.865293131271282618e+03 2.365221889884674965e+03 2.883331758089013420e+03 3.400101946613731343e+03 3.903836761512453904e+03 4.365942800214357703e+03 4.720679401518236773e+03 4.850552595996734453e+03 4.591845154584813827e+03 4.138936564606264255e+03 3.630118333324900505e+03 3.104373693841855584e+03 2.583220820575347716e+03 2.099446409893074360e+03 1.668017932133232989e+03 1.311687767318276883e+03 1.115707408831832936e+03
5.503609134579999562e+00 1.804462011340000060e-01 4.266827982280936453e+02 9.019967594662562256e+11 1.140789436433267156e+03 1.444672483702127010e+03 1.864976229147754793e+03 2.348606388974104902e+03 2.849477200202900804e+03 3.349005704187095944e+03 3.836360087518151431e+03 4.284129231842047375e+03 4.627894383855864362e+03 4.749362649531770330e+03 4.497987284429294959e+03 4.058388338842014491e+03 3.565682446076616543e+03 3.057085054187180049e+03 2.553027488365325553e+03 2.085114188284215288e+03 1.667806296408849676e+03 1.323556273595058656e+03 1.137932327164678782e+03
5.687062772400000021e+00 1.864610745049999907e-01 4.242462658693851267e+02 8.308261321079036865e+11 1.160693315244446239e+03 1.455832680890378015e+03 1.863863525960216293e+03 2.333188139203794435e+03 2.819062508932440778e+03 3.303666548647389391e+03 3.776781667765846578e+03 4.211952293593306422e+03 4.546242341381084771e+03 4.662271290452567882e+03 4.417612084006068471e+03 3.990071157540027798e+03 3.511561997559254451e+03 3.017940733254117276e+03 2.528795813609408924e+03 2.074674323511078001e+03 1.669561932704059245e+03 1.335430495096892400e+03 1.157035290335068566e+03
5.876631531480000170e+00 1.926764436550000015e-01 4.240912914833097602e+02 7.463227329458023682e+11 1.209283707628284674e+03 1.506823491996782423e+03 1.917539758531626148e+03 2.389682897422413589e+03 2.878478057153994087e+03 3.366075765888261685e+03 3.842168368109662879e+03 4.280131463476110184e+03 4.616840441221853325e+03 4.735665433567594846e+03 4.489650539133355778e+03 4.059802392455867448e+03 3.578595366515573460e+03 3.082135393238611869e+03 2.590094925868805149e+03 2.133060469460035165e+03 1.725036995978212190e+03 1.387992868060411638e+03 1.206177226738705485e+03
6.072519249199999969e+00 1.990989917769999951e-01 4.292676978880283514e+02 6.619949997656945801e+11 1.271815647726972202e+03 1.578944108934604856e+03 2.001483845858113455e+03 2.486632991652379587e+03 2.988924375579990738e+03 3.490047115894482886e+03 3.979118339162872417e+03 4.428694275171990739e+03 4.774767831485200986e+03 4.903656480650207413e+03 4.651761859252842441e+03 4.211669270405003772e+03 3.718205280160339044e+03 3.208669032255148522e+03 2.703341305224277676e+03 2.233434162216208733e+03 1.813234973959628405e+03 1.464924673194142088e+03 1.270936224188202004e+03
6.274936557500000234e+00 2.057356248359999973e-01 4.424834905446620610e+02 5.860427755221029053e+11 1.335781450935088060e+03 1.647993697307082584e+03 2.076525736854453044e+03 2.567953726420859311e+03 3.076455249170980096e+03 3.583706575325665654e+03 4.078844861086646688e+03 4.534215528499245011e+03 4.885054321499736943e+03 5.017877573008063337e+03 4.762436270754617908e+03 4.316945692578830858e+03 3.817637623740528852e+03 3.302057727133698791e+03 2.790521524900967506e+03 2.314451725408912353e+03 1.888238729547719458e+03 1.534406552270245129e+03 1.335579607878023580e+03
6.484101109420000064e+00 2.125934789970000127e-01 4.709913701539239241e+02 5.186006047439020386e+11 1.398614655988961431e+03 1.703189216023513382e+03 2.121504546091666271e+03 2.600735032196296743e+03 3.095605078135339227e+03 3.588898259270968083e+03 4.071244577118568031e+03 4.516395231417229297e+03 4.859347318132966393e+03 4.979307534019269042e+03 4.727111090246028652e+03 4.289571283109158685e+03 3.801886820597213955e+03 3.299384759865628894e+03 2.800960114514064117e+03 2.337147928779937502e+03 1.921973987585370196e+03 1.578593255602256022e+03 1.394947872514600704e+03
6.700237813070000215e+00 2.196799282970000045e-01 4.951211380043450276e+02 4.587777039447911987e+11 1.463072147557392327e+03 1.760549140752389576e+03 2.169054467189788738e+03 2.636381841706775958e+03 3.117886699811800099e+03 3.597491543773270678e+03 4.067302090557064730e+03 4.502541541427736774e+03 4.838044500892651740e+03 4.946734487867254757e+03 4.697970305240943162e+03 4.268352459909880963e+03 3.792195286793795276e+03 3.302630524569928639e+03 2.817089814918680986e+03 2.365173492169617475e+03 1.960496410671350759e+03 1.626873277954359764e+03 1.456636211856950467e+03
6.923579073500000014e+00 2.270025925739999895e-01 5.074513496347328783e+02 4.057355938281215210e+11 1.528762639130588923e+03 1.827998422923221597e+03 2.238237972248430651e+03 2.707092865368140338e+03 3.189905306854595892e+03 3.670837874020941399e+03 4.142363586123668028e+03 4.579885636665309903e+03 4.917501667727343374e+03 5.026511877415652634e+03 4.776646911129880209e+03 4.344951270514968201e+03 3.867122896062563996e+03 3.376122411088021181e+03 2.889087265346622189e+03 2.435519600369225827e+03 2.028964330904058215e+03 1.693552701181106158e+03 1.522239789530316102e+03
7.154365042620000281e+00 2.345693456600000115e-01 5.154838650234290753e+02 3.587235996444148560e+11 1.592527281571011599e+03 1.897078161149693187e+03 2.313964346595637835e+03 2.790240520291352823e+03 3.280856478566483020e+03 3.769669319230448764e+03 4.248971111272612688e+03 4.693661871856085781e+03 5.036929828058143357e+03 5.150129524694771135e+03 4.897133600551842392e+03 4.459101523647143949e+03 3.973833048673796384e+03 3.475026001152216395e+03 2.980169867332268950e+03 2.519148974118034403e+03 2.105675642653790874e+03 1.763993867988020384e+03 1.586304323847745081e+03
7.392843877369999817e+00 2.423883238479999924e-01 5.433071286719480213e+02 3.170711278138748169e+11 1.655798116610389570e+03 1.965159567212175261e+03 2.388050293516763759e+03 2.871038284801678401e+03 3.368671336267301285e+03 3.864459811796594749e+03 4.350469297956795344e+03 4.801087865329411215e+03 5.148918087533310427e+03 5.265444847007673161e+03 5.009345178736383787e+03 4.565734592065397919e+03 4.073897037998049200e+03 3.568152083208563909e+03 3.066344165566996253e+03 2.598760373461821473e+03 2.179308017062854105e+03 1.832418266462018664e+03 1.649584183268216293e+03
7.639272006619999722e+00 2.504679346429999898e-01 5.822960406432293894e+02 2.801823531347905884e+11 1.720222187275222495e+03 2.033079176850778367e+03 2.460170589202017254e+03 2.947737635167500684e+03 3.450057654309656755e+03 3.950459680338912676e+03 4.440884264551972592e+03 4.895348271078924881e+03 5.246092279256034999e+03 5.364697327669142396e+03 5.106206966743126941e+03 4.658769551937498363e+03 4.162573402323036134e+03 3.652268285636168912e+03 3.145857993402737065e+03 2.673889018946932993e+03 2.250400382848290064e+03 1.900120227512414885e+03 1.713972682522630521e+03
7.893914406839999565e+00 2.588168657980000065e-01 2.016961254806461966e+03 2.476505481887635803e+11 1.786919385982841959e+03 2.102590333336669119e+03 2.532862625172481785e+03 3.023718406058562323e+03 3.529334480335420267e+03 4.033115593875096692e+03 4.527091040313920530e+03 4.985179966052724012e+03 5.338924234751820222e+03 5.460331552677469517e+03 5.200142889314859531e+03 4.749574058409097233e+03 4.250074419093171855e+03 3.736462674618172514e+03 3.226701279861586954e+03 2.751404507747210118e+03 2.324624807694234278e+03 1.971244493732859382e+03 1.781533211458884125e+03
